--- High Episodes Analysis ---

Episode 612 - Total Reward: 1179.9635802469134, Length: 3
  Phase 1 (Reward: 94.82592592592592):
    State breakdown:
      easy_correct_hist: [1.8519e-05,3.7037e-05,7.4074e-05,7.4074e-05,1.8519e-05,1.2963e-04,
 2.9630e-04,5.3704e-04,8.5185e-04,1.2407e-03,1.8148e-03,3.2963e-03,
 3.9259e-03,4.5926e-03,5.7963e-03,7.1667e-03,8.4259e-03,8.9630e-03,
 8.1667e-03,8.3519e-03,9.0000e-03,8.2407e-03,7.3519e-03,6.0741e-03,
 5.5926e-03,4.1852e-03,3.6481e-03,1.7778e-03,1.0556e-03,2.5926e-04,
 3.7037e-05,0.0000e+00,0.0000e+00,0.0000e+00,0.0000e+00,0.0000e+00,
 0.0000e+00,0.0000e+00,0.0000e+00,0.0000e+00,0.0000e+00,0.0000e+00,
 0.0000e+00,0.0000e+00,0.0000e+00,0.0000e+00,0.0000e+00,0.0000e+00,
 0.0000e+00,0.0000e+00,0.0000e+00,0.0000e+00,0.0000e+00,0.0000e+00,
 0.0000e+00,0.0000e+00,0.0000e+00,0.0000e+00,0.0000e+00,0.0000e+00,
 0.0000e+00,0.0000e+00,0.0000e+00,0.0000e+00]
      easy_incorrect_hist: [0.0000e+00,0.0000e+00,0.0000e+00,0.0000e+00,0.0000e+00,0.0000e+00,
 0.0000e+00,0.0000e+00,0.0000e+00,0.0000e+00,0.0000e+00,0.0000e+00,
 0.0000e+00,0.0000e+00,0.0000e+00,0.0000e+00,1.8519e-05,1.8519e-05,
 3.7037e-05,3.7037e-05,5.0000e-04,8.7037e-04,1.7407e-03,3.3704e-03,
 5.3519e-03,9.1667e-03,1.5870e-02,2.7259e-02,3.6741e-02,4.7407e-02,
 5.5796e-02,5.9444e-02,5.9481e-02,5.6278e-02,5.1296e-02,4.5574e-02,
 4.0481e-02,3.8556e-02,3.7630e-02,3.3278e-02,3.2981e-02,3.0648e-02,
 2.5907e-02,2.3278e-02,1.9241e-02,1.6593e-02,1.4926e-02,1.2944e-02,
 1.1574e-02,1.0907e-02,9.9630e-03,1.0056e-02,1.0630e-02,8.2407e-03,
 7.8333e-03,6.4815e-03,4.2407e-03,2.9630e-03,1.5926e-03,8.3333e-04,
 6.2963e-04,2.4074e-04,1.8519e-05,7.4074e-05]
      medium_correct_hist: [0.0002,0.0002,0.0002,0.0009,0.0004,0.0002,0.0004,0.0009,0.0016,0.0036,
 0.004 ,0.0044,0.0082,0.0062,0.008 ,0.0098,0.0082,0.0084,0.006 ,0.0093,
 0.0073,0.006 ,0.0058,0.0051,0.004 ,0.002 ,0.0009,0.0009,0.0009,0.0004,
 0.    ,0.    ,0.    ,0.    ,0.    ,0.    ,0.    ,0.    ,0.    ,0.    ,
 0.    ,0.    ,0.    ,0.    ,0.    ,0.    ,0.    ,0.    ,0.    ,0.    ,
 0.    ,0.    ,0.    ,0.    ,0.    ,0.    ,0.    ,0.    ,0.    ,0.    ,
 0.    ,0.    ,0.    ,0.    ]
      medium_incorrect_hist: [0.    ,0.    ,0.    ,0.    ,0.    ,0.    ,0.    ,0.    ,0.    ,0.    ,
 0.    ,0.    ,0.    ,0.    ,0.    ,0.    ,0.    ,0.    ,0.0002,0.0011,
 0.002 ,0.002 ,0.0038,0.0042,0.0087,0.0164,0.0269,0.0342,0.0396,0.0458,
 0.0538,0.0538,0.0529,0.0502,0.0444,0.0404,0.0422,0.0376,0.0362,0.0293,
 0.0324,0.0253,0.0242,0.0236,0.018 ,0.0178,0.0127,0.0142,0.0109,0.0116,
 0.0104,0.0102,0.0113,0.0071,0.0089,0.0053,0.0053,0.0044,0.002 ,0.002 ,
 0.0004,0.0004,0.0004,0.0004]
      hard_correct_hist: [0.0007,0.0007,0.    ,0.    ,0.0027,0.0013,0.002 ,0.0007,0.0047,0.0053,
 0.0053,0.004 ,0.0093,0.0087,0.0093,0.0093,0.0027,0.0107,0.008 ,0.012 ,
 0.0067,0.006 ,0.002 ,0.004 ,0.0033,0.0027,0.002 ,0.0007,0.    ,0.    ,
 0.    ,0.    ,0.    ,0.    ,0.    ,0.    ,0.    ,0.    ,0.    ,0.    ,
 0.    ,0.    ,0.    ,0.    ,0.    ,0.    ,0.    ,0.    ,0.    ,0.    ,
 0.    ,0.    ,0.    ,0.    ,0.    ,0.    ,0.    ,0.    ,0.    ,0.    ,
 0.    ,0.    ,0.    ,0.    ]
      hard_incorrect_hist: [0.    ,0.    ,0.    ,0.    ,0.    ,0.    ,0.    ,0.    ,0.    ,0.    ,
 0.    ,0.    ,0.    ,0.    ,0.    ,0.    ,0.    ,0.    ,0.0007,0.0007,
 0.0027,0.0007,0.0033,0.006 ,0.0093,0.0153,0.022 ,0.034 ,0.036 ,0.0433,
 0.0487,0.0493,0.0507,0.054 ,0.0447,0.042 ,0.0273,0.0267,0.032 ,0.0387,
 0.0273,0.0313,0.026 ,0.0253,0.0227,0.0167,0.016 ,0.018 ,0.012 ,0.0127,
 0.0087,0.0067,0.0073,0.0127,0.0093,0.008 ,0.0107,0.0033,0.0067,0.002 ,
 0.0013,0.0007,0.0013,0.0007]
      relative_sizes: [0.9  ,0.075,0.025]
      extra: [0.,1.]
    Action breakdown:
      Learning Rate: 0.0296
      Mixing Ratios: [0.8656,0.    ,0.1344]
      Sample Usage Fraction: 0.2211
  Phase 2 (Reward: 98.63765432098766):
    State breakdown:
      easy_correct_hist: [9.1904e-01,2.5648e-02,8.8519e-03,1.3148e-03,1.4815e-04,0.0000e+00,
 0.0000e+00,0.0000e+00,0.0000e+00,0.0000e+00,0.0000e+00,0.0000e+00,
 0.0000e+00,0.0000e+00,0.0000e+00,0.0000e+00,0.0000e+00,0.0000e+00,
 0.0000e+00,0.0000e+00,0.0000e+00,0.0000e+00,0.0000e+00,0.0000e+00,
 0.0000e+00,0.0000e+00,0.0000e+00,0.0000e+00,0.0000e+00,0.0000e+00,
 0.0000e+00,0.0000e+00,0.0000e+00,0.0000e+00,0.0000e+00,0.0000e+00,
 0.0000e+00,0.0000e+00,0.0000e+00,0.0000e+00,0.0000e+00,0.0000e+00,
 0.0000e+00,0.0000e+00,0.0000e+00,0.0000e+00,0.0000e+00,0.0000e+00,
 0.0000e+00,0.0000e+00,0.0000e+00,0.0000e+00,0.0000e+00,0.0000e+00,
 0.0000e+00,0.0000e+00,0.0000e+00,0.0000e+00,0.0000e+00,0.0000e+00,
 0.0000e+00,0.0000e+00,0.0000e+00,0.0000e+00]
      easy_incorrect_hist: [0.0000e+00,0.0000e+00,4.7222e-03,7.2963e-03,6.0741e-03,4.5926e-03,
 3.3889e-03,2.7963e-03,2.3889e-03,1.9074e-03,2.0000e-03,1.5926e-03,
 1.3519e-03,8.1481e-04,8.8889e-04,7.4074e-04,5.7407e-04,6.2963e-04,
 5.1852e-04,2.9630e-04,3.3333e-04,3.5185e-04,2.9630e-04,2.4074e-04,
 1.8519e-04,3.7037e-05,1.2963e-04,1.4815e-04,9.2593e-05,9.2593e-05,
 1.2963e-04,3.7037e-05,1.8519e-05,5.5556e-05,3.7037e-05,7.4074e-05,
 1.8519e-05,3.7037e-05,1.8519e-05,0.0000e+00,0.0000e+00,0.0000e+00,
 0.0000e+00,0.0000e+00,3.7037e-05,0.0000e+00,1.8519e-05,0.0000e+00,
 0.0000e+00,0.0000e+00,0.0000e+00,1.8519e-05,0.0000e+00,0.0000e+00,
 0.0000e+00,0.0000e+00,0.0000e+00,0.0000e+00,0.0000e+00,0.0000e+00,
 0.0000e+00,0.0000e+00,0.0000e+00,1.8519e-05]
      medium_correct_hist: [8.8911e-01,2.4667e-02,1.6222e-02,9.1111e-03,3.3333e-03,8.8889e-04,
 4.4444e-04,0.0000e+00,0.0000e+00,0.0000e+00,0.0000e+00,0.0000e+00,
 0.0000e+00,0.0000e+00,0.0000e+00,0.0000e+00,0.0000e+00,0.0000e+00,
 0.0000e+00,0.0000e+00,0.0000e+00,0.0000e+00,0.0000e+00,0.0000e+00,
 0.0000e+00,0.0000e+00,0.0000e+00,0.0000e+00,0.0000e+00,0.0000e+00,
 0.0000e+00,0.0000e+00,0.0000e+00,0.0000e+00,0.0000e+00,0.0000e+00,
 0.0000e+00,0.0000e+00,0.0000e+00,0.0000e+00,0.0000e+00,0.0000e+00,
 0.0000e+00,0.0000e+00,0.0000e+00,0.0000e+00,0.0000e+00,0.0000e+00,
 0.0000e+00,0.0000e+00,0.0000e+00,0.0000e+00,0.0000e+00,0.0000e+00,
 0.0000e+00,0.0000e+00,0.0000e+00,0.0000e+00,0.0000e+00,0.0000e+00,
 0.0000e+00,0.0000e+00,0.0000e+00,0.0000e+00]
      medium_incorrect_hist: [0.    ,0.    ,0.    ,0.0002,0.0047,0.0033,0.0049,0.0056,0.0044,0.0022,
 0.0024,0.0009,0.0033,0.0027,0.0016,0.0029,0.0011,0.0011,0.0011,0.0018,
 0.0007,0.0002,0.0004,0.0004,0.0016,0.0007,0.    ,0.0009,0.0007,0.0004,
 0.0002,0.0002,0.0002,0.0002,0.0004,0.0002,0.0004,0.    ,0.0002,0.    ,
 0.0004,0.0004,0.    ,0.0009,0.    ,0.0002,0.0002,0.    ,0.0002,0.0004,
 0.    ,0.0002,0.    ,0.    ,0.    ,0.0002,0.    ,0.0002,0.    ,0.    ,
 0.    ,0.    ,0.    ,0.0002]
      hard_correct_hist: [8.8667e-01,2.9333e-02,1.7333e-02,9.3333e-03,2.6667e-03,6.6667e-04,
 0.0000e+00,0.0000e+00,0.0000e+00,0.0000e+00,0.0000e+00,0.0000e+00,
 0.0000e+00,0.0000e+00,0.0000e+00,0.0000e+00,0.0000e+00,0.0000e+00,
 0.0000e+00,0.0000e+00,0.0000e+00,0.0000e+00,0.0000e+00,0.0000e+00,
 0.0000e+00,0.0000e+00,0.0000e+00,0.0000e+00,0.0000e+00,0.0000e+00,
 0.0000e+00,0.0000e+00,0.0000e+00,0.0000e+00,0.0000e+00,0.0000e+00,
 0.0000e+00,0.0000e+00,0.0000e+00,0.0000e+00,0.0000e+00,0.0000e+00,
 0.0000e+00,0.0000e+00,0.0000e+00,0.0000e+00,0.0000e+00,0.0000e+00,
 0.0000e+00,0.0000e+00,0.0000e+00,0.0000e+00,0.0000e+00,0.0000e+00,
 0.0000e+00,0.0000e+00,0.0000e+00,0.0000e+00,0.0000e+00,0.0000e+00,
 0.0000e+00,0.0000e+00,0.0000e+00,0.0000e+00]
      hard_incorrect_hist: [0.    ,0.    ,0.    ,0.    ,0.0047,0.004 ,0.006 ,0.0047,0.002 ,0.0033,
 0.0007,0.0013,0.0013,0.002 ,0.0027,0.0033,0.002 ,0.0027,0.002 ,0.0007,
 0.002 ,0.    ,0.0007,0.0007,0.0007,0.0007,0.    ,0.    ,0.0007,0.    ,
 0.    ,0.    ,0.    ,0.    ,0.    ,0.    ,0.0007,0.    ,0.    ,0.0007,
 0.    ,0.0013,0.    ,0.    ,0.    ,0.    ,0.    ,0.0013,0.    ,0.    ,
 0.    ,0.    ,0.0007,0.    ,0.    ,0.    ,0.    ,0.    ,0.    ,0.    ,
 0.    ,0.    ,0.    ,0.0007]
      relative_sizes: [0.9  ,0.075,0.025]
      extra: [0.3333,0.7789]
    Action breakdown:
      Learning Rate: 0.0020
      Mixing Ratios: [0.    ,0.6795,0.3205]
      Sample Usage Fraction: 0.9948
  Phase 3 (Reward: 986.4999999999999):
    State breakdown:
      easy_correct_hist: [9.4867e-01,1.1389e-02,1.0185e-03,5.5556e-05,0.0000e+00,0.0000e+00,
 0.0000e+00,0.0000e+00,0.0000e+00,0.0000e+00,0.0000e+00,0.0000e+00,
 0.0000e+00,0.0000e+00,0.0000e+00,0.0000e+00,0.0000e+00,0.0000e+00,
 0.0000e+00,0.0000e+00,0.0000e+00,0.0000e+00,0.0000e+00,0.0000e+00,
 0.0000e+00,0.0000e+00,0.0000e+00,0.0000e+00,0.0000e+00,0.0000e+00,
 0.0000e+00,0.0000e+00,0.0000e+00,0.0000e+00,0.0000e+00,0.0000e+00,
 0.0000e+00,0.0000e+00,0.0000e+00,0.0000e+00,0.0000e+00,0.0000e+00,
 0.0000e+00,0.0000e+00,0.0000e+00,0.0000e+00,0.0000e+00,0.0000e+00,
 0.0000e+00,0.0000e+00,0.0000e+00,0.0000e+00,0.0000e+00,0.0000e+00,
 0.0000e+00,0.0000e+00,0.0000e+00,0.0000e+00,0.0000e+00,0.0000e+00,
 0.0000e+00,0.0000e+00,0.0000e+00,0.0000e+00]
      easy_incorrect_hist: [0.0000e+00,9.6296e-04,6.3704e-03,5.3519e-03,3.4815e-03,3.0185e-03,
 2.5741e-03,2.2593e-03,2.1481e-03,1.4444e-03,1.3519e-03,1.4074e-03,
 1.0741e-03,7.0370e-04,8.8889e-04,6.8519e-04,5.3704e-04,6.4815e-04,
 4.2593e-04,4.6296e-04,3.5185e-04,4.6296e-04,2.9630e-04,2.0370e-04,
 2.5926e-04,2.0370e-04,1.2963e-04,1.1111e-04,1.6667e-04,9.2593e-05,
 9.2593e-05,7.4074e-05,7.4074e-05,1.2963e-04,5.5556e-05,9.2593e-05,
 1.8519e-05,1.8519e-05,3.7037e-05,0.0000e+00,1.8519e-05,0.0000e+00,
 0.0000e+00,0.0000e+00,1.8519e-05,0.0000e+00,0.0000e+00,5.5556e-05,
 0.0000e+00,0.0000e+00,1.8519e-05,0.0000e+00,1.8519e-05,0.0000e+00,
 1.8519e-05,0.0000e+00,1.8519e-05,0.0000e+00,0.0000e+00,0.0000e+00,
 0.0000e+00,0.0000e+00,0.0000e+00,3.7037e-05]
      medium_correct_hist: [8.4889e-01,4.2222e-02,2.1778e-02,1.5111e-02,9.3333e-03,1.1111e-02,
 7.3333e-03,5.1111e-03,5.3333e-03,5.5556e-03,3.1111e-03,2.2222e-03,
 2.4444e-03,1.7778e-03,1.7778e-03,2.0000e-03,1.5556e-03,1.3333e-03,
 1.1111e-03,1.3333e-03,1.3333e-03,1.1111e-03,0.0000e+00,6.6667e-04,
 4.4444e-04,2.2222e-04,1.1111e-03,2.2222e-04,1.1111e-03,0.0000e+00,
 0.0000e+00,2.2222e-04,0.0000e+00,0.0000e+00,0.0000e+00,2.2222e-04,
 8.8889e-04,0.0000e+00,0.0000e+00,2.2222e-04,2.2222e-04,0.0000e+00,
 2.2222e-04,2.2222e-04,0.0000e+00,2.2222e-04,2.2222e-04,0.0000e+00,
 0.0000e+00,2.2222e-04,0.0000e+00,0.0000e+00,0.0000e+00,0.0000e+00,
 0.0000e+00,0.0000e+00,0.0000e+00,0.0000e+00,0.0000e+00,0.0000e+00,
 0.0000e+00,2.2222e-04,0.0000e+00,2.2222e-04]
      medium_incorrect_hist: [0.,0.,0.,0.,0.,0.,0.,0.,0.,0.,0.,0.,0.,0.,0.,0.,0.,0.,0.,0.,0.,0.,0.,0.,
 0.,0.,0.,0.,0.,0.,0.,0.,0.,0.,0.,0.,0.,0.,0.,0.,0.,0.,0.,0.,0.,0.,0.,0.,
 0.,0.,0.,0.,0.,0.,0.,0.,0.,0.,0.,0.,0.,0.,0.,0.]
      hard_correct_hist: [8.9400e-01,3.4667e-02,1.9333e-02,1.4667e-02,1.0000e-02,2.6667e-03,
 4.6667e-03,2.0000e-03,2.0000e-03,2.0000e-03,2.0000e-03,4.0000e-03,
 0.0000e+00,2.0000e-03,0.0000e+00,0.0000e+00,0.0000e+00,0.0000e+00,
 0.0000e+00,0.0000e+00,6.6667e-04,0.0000e+00,0.0000e+00,6.6667e-04,
 0.0000e+00,0.0000e+00,0.0000e+00,6.6667e-04,0.0000e+00,0.0000e+00,
 6.6667e-04,0.0000e+00,0.0000e+00,0.0000e+00,0.0000e+00,0.0000e+00,
 6.6667e-04,6.6667e-04,0.0000e+00,0.0000e+00,0.0000e+00,0.0000e+00,
 0.0000e+00,0.0000e+00,0.0000e+00,0.0000e+00,0.0000e+00,0.0000e+00,
 0.0000e+00,0.0000e+00,0.0000e+00,0.0000e+00,0.0000e+00,0.0000e+00,
 0.0000e+00,0.0000e+00,0.0000e+00,0.0000e+00,0.0000e+00,0.0000e+00,
 0.0000e+00,0.0000e+00,0.0000e+00,0.0000e+00]
      hard_incorrect_hist: [0.    ,0.    ,0.    ,0.    ,0.    ,0.    ,0.    ,0.    ,0.    ,0.    ,
 0.    ,0.    ,0.    ,0.    ,0.    ,0.    ,0.    ,0.    ,0.    ,0.    ,
 0.    ,0.    ,0.    ,0.    ,0.    ,0.    ,0.    ,0.    ,0.    ,0.    ,
 0.    ,0.    ,0.    ,0.    ,0.    ,0.    ,0.    ,0.    ,0.    ,0.    ,
 0.    ,0.    ,0.    ,0.    ,0.    ,0.    ,0.    ,0.    ,0.    ,0.0007,
 0.    ,0.    ,0.    ,0.    ,0.    ,0.    ,0.    ,0.    ,0.    ,0.    ,
 0.    ,0.    ,0.    ,0.0013]
      relative_sizes: [0.9  ,0.075,0.025]
      extra: [0.6667,0.004 ]
    Action breakdown:
      Learning Rate: 0.0010
      Mixing Ratios: [0.1575,0.1634,0.6791]
      Sample Usage Fraction: 0.8623

Episode 726 - Total Reward: 1180.4753086419753, Length: 3
  Phase 1 (Reward: 94.91604938271604):
    State breakdown:
      easy_correct_hist: [3.7037e-05,7.4074e-05,2.0370e-04,2.5926e-04,4.2593e-04,9.2593e-04,
 1.7407e-03,2.9074e-03,4.2407e-03,5.3519e-03,6.8519e-03,8.0370e-03,
 7.8519e-03,8.5000e-03,8.7222e-03,7.7778e-03,6.3519e-03,5.2222e-03,
 3.3333e-03,2.1111e-03,1.2037e-03,3.1481e-04,1.2963e-04,0.0000e+00,
 0.0000e+00,0.0000e+00,0.0000e+00,0.0000e+00,0.0000e+00,0.0000e+00,
 0.0000e+00,0.0000e+00,0.0000e+00,0.0000e+00,0.0000e+00,0.0000e+00,
 0.0000e+00,0.0000e+00,0.0000e+00,0.0000e+00,0.0000e+00,0.0000e+00,
 0.0000e+00,0.0000e+00,0.0000e+00,0.0000e+00,0.0000e+00,0.0000e+00,
 0.0000e+00,0.0000e+00,0.0000e+00,0.0000e+00,0.0000e+00,0.0000e+00,
 0.0000e+00,0.0000e+00,0.0000e+00,0.0000e+00,0.0000e+00,0.0000e+00,
 0.0000e+00,0.0000e+00,0.0000e+00,0.0000e+00]
      easy_incorrect_hist: [0.0000e+00,0.0000e+00,0.0000e+00,0.0000e+00,3.7037e-05,7.4074e-05,
 5.5556e-05,1.2963e-04,5.3704e-04,8.5185e-04,1.4630e-03,2.4259e-03,
 3.4259e-03,4.8704e-03,6.6111e-03,8.0185e-03,8.6852e-03,1.1204e-02,
 1.2981e-02,1.5648e-02,1.7019e-02,2.1111e-02,2.4519e-02,3.3556e-02,
 4.1944e-02,4.9704e-02,5.1333e-02,4.9667e-02,4.7185e-02,4.6852e-02,
 4.6352e-02,4.2944e-02,3.9574e-02,3.8722e-02,3.4370e-02,3.3074e-02,
 2.8963e-02,2.6759e-02,2.3407e-02,1.9981e-02,1.6167e-02,1.5722e-02,
 1.2019e-02,1.1074e-02,1.0167e-02,1.0167e-02,8.6481e-03,8.6111e-03,
 6.7778e-03,5.9444e-03,5.4444e-03,3.6296e-03,2.3704e-03,2.4444e-03,
 1.1852e-03,9.4444e-04,6.4815e-04,6.1111e-04,2.5926e-04,2.4074e-04,
 1.1111e-04,7.4074e-05,9.2593e-05,1.8519e-05]
      medium_correct_hist: [0.0002,0.    ,0.0009,0.0009,0.0018,0.002 ,0.0038,0.0053,0.0082,0.0082,
 0.0069,0.0089,0.0102,0.0091,0.0053,0.0069,0.0056,0.0024,0.0022,0.0007,
 0.    ,0.    ,0.    ,0.    ,0.    ,0.    ,0.    ,0.    ,0.    ,0.    ,
 0.    ,0.    ,0.    ,0.    ,0.    ,0.    ,0.    ,0.    ,0.    ,0.    ,
 0.    ,0.    ,0.    ,0.    ,0.    ,0.    ,0.    ,0.    ,0.    ,0.    ,
 0.    ,0.    ,0.    ,0.    ,0.    ,0.    ,0.    ,0.    ,0.    ,0.    ,
 0.    ,0.    ,0.    ,0.    ]
      medium_incorrect_hist: [0.    ,0.    ,0.    ,0.0004,0.    ,0.0002,0.0007,0.0009,0.0018,0.0036,
 0.0027,0.0033,0.0033,0.0073,0.0062,0.0078,0.0111,0.0113,0.0124,0.0138,
 0.0191,0.02  ,0.0247,0.04  ,0.0409,0.0498,0.0491,0.042 ,0.0467,0.04  ,
 0.0387,0.0398,0.0373,0.0351,0.0324,0.0331,0.0304,0.0236,0.0229,0.0191,
 0.0191,0.0124,0.0104,0.0111,0.0109,0.0111,0.0091,0.0087,0.0091,0.0067,
 0.0078,0.0062,0.0038,0.0038,0.0027,0.0018,0.0013,0.0007,0.0009,0.0002,
 0.0002,0.    ,0.0002,0.0007]
      hard_correct_hist: [0.0027,0.0033,0.0007,0.0053,0.006 ,0.0053,0.0027,0.002 ,0.006 ,0.0093,
 0.0107,0.004 ,0.008 ,0.0087,0.0053,0.004 ,0.0033,0.0013,0.0007,0.0013,
 0.    ,0.    ,0.    ,0.    ,0.    ,0.    ,0.    ,0.    ,0.    ,0.    ,
 0.    ,0.    ,0.    ,0.    ,0.    ,0.    ,0.    ,0.    ,0.    ,0.    ,
 0.    ,0.    ,0.    ,0.    ,0.    ,0.    ,0.    ,0.    ,0.    ,0.    ,
 0.    ,0.    ,0.    ,0.    ,0.    ,0.    ,0.    ,0.    ,0.    ,0.    ,
 0.    ,0.    ,0.    ,0.    ]
      hard_incorrect_hist: [0.    ,0.    ,0.0007,0.0007,0.0013,0.0007,0.002 ,0.002 ,0.002 ,0.004 ,
 0.0047,0.0033,0.0073,0.006 ,0.0113,0.012 ,0.016 ,0.0133,0.0187,0.018 ,
 0.0213,0.018 ,0.0213,0.0333,0.0527,0.0287,0.0487,0.0273,0.0313,0.0427,
 0.0373,0.0447,0.0313,0.0367,0.0267,0.0327,0.0327,0.0253,0.022 ,0.018 ,
 0.0167,0.0133,0.014 ,0.01  ,0.012 ,0.006 ,0.0107,0.0093,0.0087,0.008 ,
 0.0073,0.01  ,0.006 ,0.0047,0.0033,0.0033,0.0027,0.    ,0.0013,0.0007,
 0.0007,0.0013,0.0013,0.0013]
      relative_sizes: [0.9  ,0.075,0.025]
      extra: [0.,1.]
    Action breakdown:
      Learning Rate: 0.0242
      Mixing Ratios: [0.3106,0.6415,0.0478]
      Sample Usage Fraction: 0.1437
  Phase 2 (Reward: 98.6148148148148):
    State breakdown:
      easy_correct_hist: [9.0139e-01,3.2056e-02,1.3759e-02,2.3704e-03,3.1481e-04,3.7037e-05,
 0.0000e+00,0.0000e+00,0.0000e+00,0.0000e+00,0.0000e+00,0.0000e+00,
 0.0000e+00,0.0000e+00,0.0000e+00,0.0000e+00,0.0000e+00,0.0000e+00,
 0.0000e+00,0.0000e+00,0.0000e+00,0.0000e+00,0.0000e+00,0.0000e+00,
 0.0000e+00,0.0000e+00,0.0000e+00,0.0000e+00,0.0000e+00,0.0000e+00,
 0.0000e+00,0.0000e+00,0.0000e+00,0.0000e+00,0.0000e+00,0.0000e+00,
 0.0000e+00,0.0000e+00,0.0000e+00,0.0000e+00,0.0000e+00,0.0000e+00,
 0.0000e+00,0.0000e+00,0.0000e+00,0.0000e+00,0.0000e+00,0.0000e+00,
 0.0000e+00,0.0000e+00,0.0000e+00,0.0000e+00,0.0000e+00,0.0000e+00,
 0.0000e+00,0.0000e+00,0.0000e+00,0.0000e+00,0.0000e+00,0.0000e+00,
 0.0000e+00,0.0000e+00,0.0000e+00,0.0000e+00]
      easy_incorrect_hist: [0.0000e+00,0.0000e+00,2.9074e-03,7.7222e-03,6.3704e-03,5.3519e-03,
 4.4444e-03,3.3704e-03,2.7778e-03,2.5185e-03,2.1667e-03,1.6667e-03,
 1.6481e-03,1.1667e-03,1.0741e-03,9.2593e-04,7.7778e-04,6.2963e-04,
 7.7778e-04,5.3704e-04,5.5556e-04,4.0741e-04,3.7037e-04,2.9630e-04,
 2.7778e-04,2.4074e-04,1.2963e-04,1.1111e-04,7.4074e-05,1.2963e-04,
 9.2593e-05,5.5556e-05,5.5556e-05,5.5556e-05,0.0000e+00,3.7037e-05,
 7.4074e-05,3.7037e-05,0.0000e+00,3.7037e-05,3.7037e-05,1.8519e-05,
 0.0000e+00,3.7037e-05,1.8519e-05,1.8519e-05,1.8519e-05,0.0000e+00,
 0.0000e+00,0.0000e+00,1.8519e-05,0.0000e+00,0.0000e+00,0.0000e+00,
 0.0000e+00,0.0000e+00,0.0000e+00,0.0000e+00,1.8519e-05,0.0000e+00,
 0.0000e+00,0.0000e+00,0.0000e+00,1.8519e-05]
      medium_correct_hist: [8.6556e-01,3.6667e-02,2.2000e-02,1.0889e-02,7.7778e-03,2.0000e-03,
 1.7778e-03,2.2222e-04,0.0000e+00,0.0000e+00,0.0000e+00,0.0000e+00,
 0.0000e+00,0.0000e+00,0.0000e+00,0.0000e+00,0.0000e+00,0.0000e+00,
 0.0000e+00,0.0000e+00,0.0000e+00,0.0000e+00,0.0000e+00,0.0000e+00,
 0.0000e+00,0.0000e+00,0.0000e+00,0.0000e+00,0.0000e+00,0.0000e+00,
 0.0000e+00,0.0000e+00,0.0000e+00,0.0000e+00,0.0000e+00,0.0000e+00,
 0.0000e+00,0.0000e+00,0.0000e+00,0.0000e+00,0.0000e+00,0.0000e+00,
 0.0000e+00,0.0000e+00,0.0000e+00,0.0000e+00,0.0000e+00,0.0000e+00,
 0.0000e+00,0.0000e+00,0.0000e+00,0.0000e+00,0.0000e+00,0.0000e+00,
 0.0000e+00,0.0000e+00,0.0000e+00,0.0000e+00,0.0000e+00,0.0000e+00,
 0.0000e+00,0.0000e+00,0.0000e+00,0.0000e+00]
      medium_incorrect_hist: [0.    ,0.    ,0.    ,0.    ,0.0004,0.0047,0.0053,0.0044,0.0038,0.0044,
 0.002 ,0.0031,0.002 ,0.0029,0.0013,0.0022,0.0013,0.0016,0.0009,0.0007,
 0.0018,0.0004,0.0007,0.0002,0.0004,0.0007,0.0004,0.0009,0.0002,0.0002,
 0.0011,0.0002,0.0004,0.0009,0.    ,0.0007,0.0002,0.    ,0.0004,0.0002,
 0.    ,0.    ,0.    ,0.0004,0.    ,0.    ,0.    ,0.0002,0.    ,0.    ,
 0.    ,0.0002,0.0002,0.    ,0.    ,0.0002,0.    ,0.    ,0.    ,0.    ,
 0.0002,0.    ,0.    ,0.0002]
      hard_correct_hist: [8.5133e-01,4.0000e-02,2.2667e-02,1.5333e-02,1.1333e-02,4.6667e-03,
 3.3333e-03,0.0000e+00,1.3333e-03,0.0000e+00,6.6667e-04,0.0000e+00,
 0.0000e+00,0.0000e+00,0.0000e+00,0.0000e+00,0.0000e+00,0.0000e+00,
 0.0000e+00,0.0000e+00,0.0000e+00,0.0000e+00,0.0000e+00,0.0000e+00,
 0.0000e+00,0.0000e+00,0.0000e+00,0.0000e+00,0.0000e+00,0.0000e+00,
 0.0000e+00,0.0000e+00,0.0000e+00,0.0000e+00,0.0000e+00,0.0000e+00,
 0.0000e+00,0.0000e+00,0.0000e+00,0.0000e+00,0.0000e+00,0.0000e+00,
 0.0000e+00,0.0000e+00,0.0000e+00,0.0000e+00,0.0000e+00,0.0000e+00,
 0.0000e+00,0.0000e+00,0.0000e+00,0.0000e+00,0.0000e+00,0.0000e+00,
 0.0000e+00,0.0000e+00,0.0000e+00,0.0000e+00,0.0000e+00,0.0000e+00,
 0.0000e+00,0.0000e+00,0.0000e+00,0.0000e+00]
      hard_incorrect_hist: [0.    ,0.    ,0.    ,0.    ,0.    ,0.    ,0.0027,0.0047,0.0013,0.006 ,
 0.004 ,0.0027,0.0047,0.0007,0.    ,0.002 ,0.0013,0.0027,0.0013,0.    ,
 0.0007,0.    ,0.0013,0.0013,0.    ,0.0013,0.    ,0.0007,0.0013,0.    ,
 0.0007,0.0007,0.    ,0.0007,0.    ,0.0007,0.    ,0.    ,0.    ,0.0013,
 0.    ,0.    ,0.    ,0.    ,0.0007,0.    ,0.    ,0.    ,0.0007,0.    ,
 0.    ,0.0007,0.0007,0.    ,0.    ,0.    ,0.0007,0.    ,0.    ,0.0007,
 0.    ,0.    ,0.    ,0.0007]
      relative_sizes: [0.9  ,0.075,0.025]
      extra: [0.3333,0.8563]
    Action breakdown:
      Learning Rate: 0.0279
      Mixing Ratios: [0.    ,0.4781,0.5219]
      Sample Usage Fraction: 0.6808
  Phase 3 (Reward: 986.9444444444445):
    State breakdown:
      easy_correct_hist: [9.5633e-01,2.0926e-03,1.8519e-05,0.0000e+00,0.0000e+00,0.0000e+00,
 0.0000e+00,0.0000e+00,0.0000e+00,0.0000e+00,0.0000e+00,0.0000e+00,
 0.0000e+00,0.0000e+00,0.0000e+00,0.0000e+00,0.0000e+00,0.0000e+00,
 0.0000e+00,0.0000e+00,0.0000e+00,0.0000e+00,0.0000e+00,0.0000e+00,
 0.0000e+00,0.0000e+00,0.0000e+00,0.0000e+00,0.0000e+00,0.0000e+00,
 0.0000e+00,0.0000e+00,0.0000e+00,0.0000e+00,0.0000e+00,0.0000e+00,
 0.0000e+00,0.0000e+00,0.0000e+00,0.0000e+00,0.0000e+00,0.0000e+00,
 0.0000e+00,0.0000e+00,0.0000e+00,0.0000e+00,0.0000e+00,0.0000e+00,
 0.0000e+00,0.0000e+00,0.0000e+00,0.0000e+00,0.0000e+00,0.0000e+00,
 0.0000e+00,0.0000e+00,0.0000e+00,0.0000e+00,0.0000e+00,0.0000e+00,
 0.0000e+00,0.0000e+00,0.0000e+00,0.0000e+00]
      easy_incorrect_hist: [0.0000e+00,5.6111e-03,4.9444e-03,3.9630e-03,3.2963e-03,2.6296e-03,
 2.5741e-03,2.1296e-03,2.1852e-03,1.7407e-03,1.4259e-03,1.3148e-03,
 1.3704e-03,1.0000e-03,8.8889e-04,7.2222e-04,6.8519e-04,5.0000e-04,
 6.2963e-04,5.0000e-04,4.0741e-04,2.7778e-04,4.2593e-04,3.3333e-04,
 2.0370e-04,3.1481e-04,2.0370e-04,2.0370e-04,1.1111e-04,1.6667e-04,
 1.2963e-04,7.4074e-05,1.1111e-04,3.7037e-05,3.7037e-05,9.2593e-05,
 3.7037e-05,3.7037e-05,0.0000e+00,5.5556e-05,3.7037e-05,1.8519e-05,
 3.7037e-05,0.0000e+00,1.8519e-05,0.0000e+00,0.0000e+00,1.8519e-05,
 0.0000e+00,0.0000e+00,1.8519e-05,0.0000e+00,0.0000e+00,0.0000e+00,
 0.0000e+00,1.8519e-05,0.0000e+00,0.0000e+00,0.0000e+00,0.0000e+00,
 0.0000e+00,0.0000e+00,0.0000e+00,1.8519e-05]
      medium_correct_hist: [9.0222e-01,2.4222e-02,1.8000e-02,8.6667e-03,1.0000e-02,5.3333e-03,
 4.8889e-03,6.6667e-03,2.8889e-03,3.5556e-03,1.7778e-03,8.8889e-04,
 2.0000e-03,1.1111e-03,1.5556e-03,2.2222e-04,4.4444e-04,8.8889e-04,
 4.4444e-04,0.0000e+00,4.4444e-04,2.2222e-04,2.2222e-04,0.0000e+00,
 2.2222e-04,4.4444e-04,6.6667e-04,0.0000e+00,2.2222e-04,0.0000e+00,
 0.0000e+00,0.0000e+00,2.2222e-04,6.6667e-04,0.0000e+00,0.0000e+00,
 0.0000e+00,0.0000e+00,2.2222e-04,0.0000e+00,0.0000e+00,0.0000e+00,
 0.0000e+00,2.2222e-04,0.0000e+00,0.0000e+00,0.0000e+00,0.0000e+00,
 0.0000e+00,0.0000e+00,0.0000e+00,0.0000e+00,0.0000e+00,0.0000e+00,
 0.0000e+00,0.0000e+00,0.0000e+00,0.0000e+00,2.2222e-04,0.0000e+00,
 0.0000e+00,0.0000e+00,0.0000e+00,2.2222e-04]
      medium_incorrect_hist: [0.,0.,0.,0.,0.,0.,0.,0.,0.,0.,0.,0.,0.,0.,0.,0.,0.,0.,0.,0.,0.,0.,0.,0.,
 0.,0.,0.,0.,0.,0.,0.,0.,0.,0.,0.,0.,0.,0.,0.,0.,0.,0.,0.,0.,0.,0.,0.,0.,
 0.,0.,0.,0.,0.,0.,0.,0.,0.,0.,0.,0.,0.,0.,0.,0.]
      hard_correct_hist: [8.6733e-01,3.2000e-02,1.4000e-02,1.0667e-02,6.6667e-03,7.3333e-03,
 1.0667e-02,3.3333e-03,3.3333e-03,4.6667e-03,2.0000e-03,4.6667e-03,
 2.0000e-03,3.3333e-03,1.3333e-03,2.6667e-03,1.3333e-03,6.6667e-04,
 6.6667e-04,2.0000e-03,6.6667e-04,6.6667e-04,0.0000e+00,1.3333e-03,
 1.3333e-03,2.6667e-03,0.0000e+00,2.0000e-03,6.6667e-04,1.3333e-03,
 6.6667e-04,1.3333e-03,0.0000e+00,0.0000e+00,6.6667e-04,2.0000e-03,
 0.0000e+00,6.6667e-04,0.0000e+00,0.0000e+00,0.0000e+00,0.0000e+00,
 6.6667e-04,0.0000e+00,0.0000e+00,6.6667e-04,0.0000e+00,0.0000e+00,
 0.0000e+00,6.6667e-04,0.0000e+00,0.0000e+00,0.0000e+00,0.0000e+00,
 6.6667e-04,0.0000e+00,0.0000e+00,0.0000e+00,0.0000e+00,0.0000e+00,
 0.0000e+00,0.0000e+00,0.0000e+00,6.6667e-04]
      hard_incorrect_hist: [0.,0.,0.,0.,0.,0.,0.,0.,0.,0.,0.,0.,0.,0.,0.,0.,0.,0.,0.,0.,0.,0.,0.,0.,
 0.,0.,0.,0.,0.,0.,0.,0.,0.,0.,0.,0.,0.,0.,0.,0.,0.,0.,0.,0.,0.,0.,0.,0.,
 0.,0.,0.,0.,0.,0.,0.,0.,0.,0.,0.,0.,0.,0.,0.,0.]
      relative_sizes: [0.9  ,0.075,0.025]
      extra: [0.6667,0.2734]
    Action breakdown:
      Learning Rate: 0.0010
      Mixing Ratios: [0.2904,0.    ,0.7096]
      Sample Usage Fraction: 0.3197

Episode 866 - Total Reward: 1183.6654320987655, Length: 3
  Phase 1 (Reward: 96.63456790123456):
    State breakdown:
      easy_correct_hist: [3.7037e-05,1.6667e-04,4.2593e-04,9.0741e-04,1.7222e-03,2.8704e-03,
 4.2407e-03,5.9815e-03,6.4815e-03,6.5370e-03,7.0370e-03,6.9444e-03,
 7.0000e-03,6.7037e-03,6.8889e-03,7.7963e-03,6.5185e-03,5.2593e-03,
 4.0370e-03,2.7222e-03,1.4074e-03,5.0000e-04,1.2963e-04,7.4074e-05,
 1.8519e-05,0.0000e+00,0.0000e+00,0.0000e+00,0.0000e+00,0.0000e+00,
 0.0000e+00,0.0000e+00,0.0000e+00,0.0000e+00,0.0000e+00,0.0000e+00,
 0.0000e+00,0.0000e+00,0.0000e+00,0.0000e+00,0.0000e+00,0.0000e+00,
 0.0000e+00,0.0000e+00,0.0000e+00,0.0000e+00,0.0000e+00,0.0000e+00,
 0.0000e+00,0.0000e+00,0.0000e+00,0.0000e+00,0.0000e+00,0.0000e+00,
 0.0000e+00,0.0000e+00,0.0000e+00,0.0000e+00,0.0000e+00,0.0000e+00,
 0.0000e+00,0.0000e+00,0.0000e+00,0.0000e+00]
      easy_incorrect_hist: [0.0000e+00,0.0000e+00,0.0000e+00,0.0000e+00,0.0000e+00,1.8519e-05,
 5.5556e-05,3.1481e-04,6.1111e-04,9.2593e-04,1.4259e-03,1.9074e-03,
 2.4074e-03,3.3333e-03,5.0370e-03,5.7778e-03,7.4815e-03,1.0167e-02,
 1.1907e-02,1.4463e-02,1.5852e-02,1.6000e-02,1.7889e-02,2.1741e-02,
 2.4685e-02,3.2630e-02,4.2241e-02,4.7241e-02,5.2889e-02,5.2352e-02,
 5.1352e-02,4.6574e-02,4.2815e-02,3.6907e-02,3.7222e-02,3.7907e-02,
 3.5981e-02,3.6667e-02,3.4056e-02,3.0667e-02,2.8241e-02,2.3815e-02,
 2.0426e-02,1.4426e-02,1.1481e-02,7.6667e-03,6.1667e-03,4.3148e-03,
 3.4074e-03,2.3704e-03,1.7778e-03,1.2222e-03,9.6296e-04,6.4815e-04,
 5.5556e-04,2.4074e-04,1.6667e-04,1.1111e-04,3.7037e-05,1.8519e-05,
 1.8519e-05,0.0000e+00,0.0000e+00,1.8519e-05]
      medium_correct_hist: [0.0009,0.0011,0.0027,0.0033,0.0064,0.0044,0.0044,0.0036,0.006 ,0.0044,
 0.0062,0.0051,0.0067,0.0067,0.0058,0.006 ,0.0058,0.0029,0.0036,0.0024,
 0.0011,0.0009,0.0004,0.0002,0.    ,0.    ,0.    ,0.    ,0.    ,0.    ,
 0.    ,0.    ,0.    ,0.    ,0.    ,0.    ,0.    ,0.    ,0.    ,0.    ,
 0.    ,0.    ,0.    ,0.    ,0.    ,0.    ,0.    ,0.    ,0.    ,0.    ,
 0.    ,0.    ,0.    ,0.    ,0.    ,0.    ,0.    ,0.    ,0.    ,0.    ,
 0.    ,0.    ,0.    ,0.    ]
      medium_incorrect_hist: [0.    ,0.    ,0.    ,0.    ,0.0002,0.    ,0.    ,0.0007,0.002 ,0.0009,
 0.002 ,0.0031,0.0018,0.0031,0.0053,0.0058,0.006 ,0.0078,0.0078,0.0127,
 0.01  ,0.0147,0.0113,0.0167,0.0147,0.0187,0.0222,0.0307,0.0391,0.036 ,
 0.0429,0.0402,0.0427,0.0418,0.0456,0.0402,0.0322,0.0333,0.0309,0.028 ,
 0.0316,0.0327,0.0269,0.0236,0.0209,0.022 ,0.0222,0.0182,0.0144,0.0118,
 0.0076,0.0071,0.004 ,0.0044,0.0031,0.002 ,0.0016,0.0011,0.0011,0.0004,
 0.0004,0.0004,0.0002,0.0002]
      hard_correct_hist: [0.0013,0.    ,0.0007,0.002 ,0.0027,0.0027,0.0053,0.0053,0.008 ,0.0027,
 0.006 ,0.0053,0.0067,0.0047,0.0053,0.0107,0.0033,0.004 ,0.004 ,0.0013,
 0.0007,0.    ,0.0007,0.    ,0.    ,0.    ,0.    ,0.    ,0.    ,0.    ,
 0.    ,0.    ,0.    ,0.    ,0.    ,0.    ,0.    ,0.    ,0.    ,0.    ,
 0.    ,0.    ,0.    ,0.    ,0.    ,0.    ,0.    ,0.    ,0.    ,0.    ,
 0.    ,0.    ,0.    ,0.    ,0.    ,0.    ,0.    ,0.    ,0.    ,0.    ,
 0.    ,0.    ,0.    ,0.    ]
      hard_incorrect_hist: [0.    ,0.    ,0.    ,0.    ,0.    ,0.0007,0.0013,0.0007,0.0027,0.0007,
 0.002 ,0.0013,0.0027,0.0033,0.004 ,0.0053,0.0113,0.0047,0.012 ,0.0087,
 0.0133,0.0147,0.012 ,0.0127,0.0107,0.016 ,0.0153,0.034 ,0.032 ,0.032 ,
 0.0413,0.036 ,0.0407,0.0393,0.0453,0.04  ,0.0347,0.0247,0.022 ,0.044 ,
 0.0353,0.0327,0.0273,0.0307,0.0333,0.0227,0.0193,0.0193,0.0173,0.0127,
 0.006 ,0.0067,0.0053,0.0087,0.004 ,0.0047,0.0027,0.0007,0.0027,0.    ,
 0.0007,0.    ,0.0007,0.0013]
      relative_sizes: [0.9  ,0.075,0.025]
      extra: [0.,1.]
    Action breakdown:
      Learning Rate: 0.0272
      Mixing Ratios: [0.8637,0.1363,0.    ]
      Sample Usage Fraction: 0.3770
  Phase 2 (Reward: 98.91358024691358):
    State breakdown:
      easy_correct_hist: [9.4685e-01,1.7926e-02,4.2222e-03,4.8148e-04,0.0000e+00,0.0000e+00,
 0.0000e+00,0.0000e+00,0.0000e+00,0.0000e+00,0.0000e+00,0.0000e+00,
 0.0000e+00,0.0000e+00,0.0000e+00,0.0000e+00,0.0000e+00,0.0000e+00,
 0.0000e+00,0.0000e+00,0.0000e+00,0.0000e+00,0.0000e+00,0.0000e+00,
 0.0000e+00,0.0000e+00,0.0000e+00,0.0000e+00,0.0000e+00,0.0000e+00,
 0.0000e+00,0.0000e+00,0.0000e+00,0.0000e+00,0.0000e+00,0.0000e+00,
 0.0000e+00,0.0000e+00,0.0000e+00,0.0000e+00,0.0000e+00,0.0000e+00,
 0.0000e+00,0.0000e+00,0.0000e+00,0.0000e+00,0.0000e+00,0.0000e+00,
 0.0000e+00,0.0000e+00,0.0000e+00,0.0000e+00,0.0000e+00,0.0000e+00,
 0.0000e+00,0.0000e+00,0.0000e+00,0.0000e+00,0.0000e+00,0.0000e+00,
 0.0000e+00,0.0000e+00,0.0000e+00,0.0000e+00]
      easy_incorrect_hist: [0.0000e+00,0.0000e+00,4.6481e-03,5.2407e-03,4.3704e-03,2.9259e-03,
 2.4444e-03,1.7407e-03,1.3704e-03,1.3889e-03,1.0926e-03,9.6296e-04,
 6.8519e-04,7.2222e-04,4.2593e-04,3.3333e-04,4.4444e-04,2.4074e-04,
 3.1481e-04,1.4815e-04,2.4074e-04,1.4815e-04,1.2963e-04,5.5556e-05,
 9.2593e-05,9.2593e-05,1.8519e-05,5.5556e-05,0.0000e+00,1.8519e-05,
 1.8519e-05,0.0000e+00,5.5556e-05,5.5556e-05,0.0000e+00,0.0000e+00,
 0.0000e+00,0.0000e+00,1.8519e-05,0.0000e+00,0.0000e+00,0.0000e+00,
 0.0000e+00,0.0000e+00,0.0000e+00,0.0000e+00,0.0000e+00,0.0000e+00,
 0.0000e+00,0.0000e+00,0.0000e+00,0.0000e+00,0.0000e+00,0.0000e+00,
 0.0000e+00,0.0000e+00,0.0000e+00,0.0000e+00,0.0000e+00,0.0000e+00,
 0.0000e+00,0.0000e+00,0.0000e+00,1.8519e-05]
      medium_correct_hist: [9.1556e-01,2.3556e-02,1.2667e-02,6.6667e-03,2.2222e-03,6.6667e-04,
 2.2222e-04,0.0000e+00,0.0000e+00,0.0000e+00,0.0000e+00,0.0000e+00,
 0.0000e+00,0.0000e+00,0.0000e+00,0.0000e+00,0.0000e+00,0.0000e+00,
 0.0000e+00,0.0000e+00,0.0000e+00,0.0000e+00,0.0000e+00,0.0000e+00,
 0.0000e+00,0.0000e+00,0.0000e+00,0.0000e+00,0.0000e+00,0.0000e+00,
 0.0000e+00,0.0000e+00,0.0000e+00,0.0000e+00,0.0000e+00,0.0000e+00,
 0.0000e+00,0.0000e+00,0.0000e+00,0.0000e+00,0.0000e+00,0.0000e+00,
 0.0000e+00,0.0000e+00,0.0000e+00,0.0000e+00,0.0000e+00,0.0000e+00,
 0.0000e+00,0.0000e+00,0.0000e+00,0.0000e+00,0.0000e+00,0.0000e+00,
 0.0000e+00,0.0000e+00,0.0000e+00,0.0000e+00,0.0000e+00,0.0000e+00,
 0.0000e+00,0.0000e+00,0.0000e+00,0.0000e+00]
      medium_incorrect_hist: [0.    ,0.    ,0.    ,0.0002,0.0027,0.0042,0.0036,0.0016,0.0022,0.002 ,
 0.002 ,0.0009,0.002 ,0.0011,0.0016,0.0013,0.0009,0.0009,0.0011,0.    ,
 0.0009,0.0009,0.0004,0.0007,0.0004,0.0002,0.0004,0.0002,0.0004,0.0002,
 0.0002,0.0007,0.0002,0.0004,0.0002,0.0004,0.0002,0.    ,0.0004,0.    ,
 0.    ,0.    ,0.0004,0.    ,0.    ,0.0004,0.    ,0.0002,0.    ,0.    ,
 0.0002,0.    ,0.0002,0.    ,0.    ,0.    ,0.    ,0.    ,0.0002,0.    ,
 0.0002,0.0002,0.    ,0.0002]
      hard_correct_hist: [9.1800e-01,2.5333e-02,1.3333e-02,8.0000e-03,2.6667e-03,6.6667e-04,
 0.0000e+00,0.0000e+00,0.0000e+00,0.0000e+00,0.0000e+00,0.0000e+00,
 0.0000e+00,0.0000e+00,0.0000e+00,0.0000e+00,0.0000e+00,0.0000e+00,
 0.0000e+00,0.0000e+00,0.0000e+00,0.0000e+00,0.0000e+00,0.0000e+00,
 0.0000e+00,0.0000e+00,0.0000e+00,0.0000e+00,0.0000e+00,0.0000e+00,
 0.0000e+00,0.0000e+00,0.0000e+00,0.0000e+00,0.0000e+00,0.0000e+00,
 0.0000e+00,0.0000e+00,0.0000e+00,0.0000e+00,0.0000e+00,0.0000e+00,
 0.0000e+00,0.0000e+00,0.0000e+00,0.0000e+00,0.0000e+00,0.0000e+00,
 0.0000e+00,0.0000e+00,0.0000e+00,0.0000e+00,0.0000e+00,0.0000e+00,
 0.0000e+00,0.0000e+00,0.0000e+00,0.0000e+00,0.0000e+00,0.0000e+00,
 0.0000e+00,0.0000e+00,0.0000e+00,0.0000e+00]
      hard_incorrect_hist: [0.    ,0.    ,0.    ,0.0013,0.0027,0.0027,0.002 ,0.002 ,0.0033,0.0033,
 0.    ,0.0013,0.    ,0.0007,0.0013,0.    ,0.0007,0.0007,0.    ,0.0007,
 0.0007,0.    ,0.002 ,0.0013,0.    ,0.0007,0.    ,0.0007,0.    ,0.    ,
 0.    ,0.    ,0.0007,0.    ,0.0007,0.    ,0.    ,0.    ,0.    ,0.    ,
 0.    ,0.0007,0.    ,0.    ,0.    ,0.    ,0.    ,0.0013,0.    ,0.    ,
 0.    ,0.    ,0.    ,0.    ,0.    ,0.    ,0.    ,0.    ,0.    ,0.    ,
 0.    ,0.    ,0.    ,0.0007]
      relative_sizes: [0.9  ,0.075,0.025]
      extra: [0.3333,0.623 ]
    Action breakdown:
      Learning Rate: 0.0010
      Mixing Ratios: [0.    ,0.4869,0.5131]
      Sample Usage Fraction: 0.8504
  Phase 3 (Reward: 988.1172839506173):
    State breakdown:
      easy_correct_hist: [9.6093e-01,1.2444e-02,1.8333e-03,2.0370e-04,0.0000e+00,0.0000e+00,
 0.0000e+00,0.0000e+00,0.0000e+00,0.0000e+00,0.0000e+00,0.0000e+00,
 0.0000e+00,0.0000e+00,0.0000e+00,0.0000e+00,0.0000e+00,0.0000e+00,
 0.0000e+00,0.0000e+00,0.0000e+00,0.0000e+00,0.0000e+00,0.0000e+00,
 0.0000e+00,0.0000e+00,0.0000e+00,0.0000e+00,0.0000e+00,0.0000e+00,
 0.0000e+00,0.0000e+00,0.0000e+00,0.0000e+00,0.0000e+00,0.0000e+00,
 0.0000e+00,0.0000e+00,0.0000e+00,0.0000e+00,0.0000e+00,0.0000e+00,
 0.0000e+00,0.0000e+00,0.0000e+00,0.0000e+00,0.0000e+00,0.0000e+00,
 0.0000e+00,0.0000e+00,0.0000e+00,0.0000e+00,0.0000e+00,0.0000e+00,
 0.0000e+00,0.0000e+00,0.0000e+00,0.0000e+00,0.0000e+00,0.0000e+00,
 0.0000e+00,0.0000e+00,0.0000e+00,0.0000e+00]
      easy_incorrect_hist: [0.0000e+00,3.7037e-05,4.3889e-03,4.3148e-03,2.9630e-03,2.2593e-03,
 1.7778e-03,1.5370e-03,1.2407e-03,1.0926e-03,7.0370e-04,5.7407e-04,
 5.7407e-04,5.9259e-04,4.8148e-04,4.2593e-04,1.4815e-04,2.5926e-04,
 2.7778e-04,1.2963e-04,1.2963e-04,5.5556e-05,1.1111e-04,9.2593e-05,
 7.4074e-05,1.8519e-05,9.2593e-05,3.7037e-05,5.5556e-05,1.8519e-05,
 3.7037e-05,0.0000e+00,0.0000e+00,1.8519e-05,0.0000e+00,0.0000e+00,
 0.0000e+00,3.7037e-05,0.0000e+00,1.8519e-05,0.0000e+00,0.0000e+00,
 0.0000e+00,0.0000e+00,0.0000e+00,0.0000e+00,0.0000e+00,0.0000e+00,
 0.0000e+00,0.0000e+00,0.0000e+00,0.0000e+00,0.0000e+00,0.0000e+00,
 0.0000e+00,0.0000e+00,0.0000e+00,0.0000e+00,0.0000e+00,0.0000e+00,
 0.0000e+00,0.0000e+00,0.0000e+00,1.8519e-05]
      medium_correct_hist: [9.1178e-01,3.1556e-02,1.6222e-02,8.4444e-03,6.0000e-03,6.0000e-03,
 2.2222e-03,2.0000e-03,2.0000e-03,2.0000e-03,2.0000e-03,8.8889e-04,
 4.4444e-04,1.1111e-03,2.2222e-04,6.6667e-04,2.2222e-04,4.4444e-04,
 0.0000e+00,8.8889e-04,0.0000e+00,0.0000e+00,0.0000e+00,0.0000e+00,
 2.2222e-04,0.0000e+00,0.0000e+00,0.0000e+00,0.0000e+00,0.0000e+00,
 0.0000e+00,0.0000e+00,0.0000e+00,0.0000e+00,0.0000e+00,0.0000e+00,
 0.0000e+00,0.0000e+00,0.0000e+00,0.0000e+00,0.0000e+00,0.0000e+00,
 0.0000e+00,0.0000e+00,0.0000e+00,0.0000e+00,0.0000e+00,0.0000e+00,
 0.0000e+00,0.0000e+00,0.0000e+00,0.0000e+00,0.0000e+00,0.0000e+00,
 0.0000e+00,0.0000e+00,0.0000e+00,0.0000e+00,0.0000e+00,0.0000e+00,
 0.0000e+00,0.0000e+00,0.0000e+00,0.0000e+00]
      medium_incorrect_hist: [0.    ,0.    ,0.    ,0.    ,0.    ,0.    ,0.    ,0.    ,0.    ,0.    ,
 0.    ,0.    ,0.    ,0.    ,0.    ,0.    ,0.0002,0.    ,0.    ,0.0002,
 0.    ,0.0002,0.0004,0.    ,0.    ,0.    ,0.    ,0.0002,0.    ,0.0002,
 0.    ,0.    ,0.0007,0.0004,0.    ,0.    ,0.0002,0.0007,0.    ,0.    ,
 0.0002,0.    ,0.    ,0.    ,0.    ,0.    ,0.    ,0.    ,0.    ,0.0002,
 0.    ,0.0002,0.    ,0.    ,0.    ,0.    ,0.    ,0.    ,0.    ,0.    ,
 0.    ,0.0002,0.    ,0.0002]
      hard_correct_hist: [9.3000e-01,2.8667e-02,1.3333e-02,6.6667e-03,4.6667e-03,3.3333e-03,
 2.6667e-03,6.6667e-04,2.0000e-03,0.0000e+00,6.6667e-04,1.3333e-03,
 2.0000e-03,6.6667e-04,0.0000e+00,0.0000e+00,0.0000e+00,0.0000e+00,
 0.0000e+00,0.0000e+00,0.0000e+00,0.0000e+00,0.0000e+00,0.0000e+00,
 0.0000e+00,0.0000e+00,0.0000e+00,0.0000e+00,0.0000e+00,0.0000e+00,
 0.0000e+00,0.0000e+00,0.0000e+00,0.0000e+00,0.0000e+00,0.0000e+00,
 0.0000e+00,0.0000e+00,0.0000e+00,0.0000e+00,0.0000e+00,0.0000e+00,
 0.0000e+00,0.0000e+00,0.0000e+00,0.0000e+00,0.0000e+00,0.0000e+00,
 0.0000e+00,0.0000e+00,0.0000e+00,0.0000e+00,0.0000e+00,0.0000e+00,
 0.0000e+00,0.0000e+00,0.0000e+00,0.0000e+00,0.0000e+00,0.0000e+00,
 0.0000e+00,0.0000e+00,0.0000e+00,0.0000e+00]
      hard_incorrect_hist: [0.    ,0.    ,0.    ,0.    ,0.    ,0.    ,0.    ,0.    ,0.    ,0.    ,
 0.    ,0.    ,0.    ,0.    ,0.    ,0.    ,0.0007,0.    ,0.    ,0.    ,
 0.0007,0.    ,0.    ,0.    ,0.    ,0.    ,0.    ,0.0007,0.    ,0.    ,
 0.    ,0.    ,0.    ,0.    ,0.    ,0.    ,0.    ,0.    ,0.    ,0.    ,
 0.    ,0.    ,0.0007,0.    ,0.    ,0.    ,0.    ,0.    ,0.    ,0.    ,
 0.    ,0.    ,0.    ,0.    ,0.    ,0.    ,0.    ,0.    ,0.    ,0.    ,
 0.    ,0.    ,0.    ,0.0007]
      relative_sizes: [0.9  ,0.075,0.025]
      extra: [0.6667,0.0932]
    Action breakdown:
      Learning Rate: 0.0022
      Mixing Ratios: [0.2138,0.347 ,0.4392]
      Sample Usage Fraction: 0.5389

Episode 658 - Total Reward: 1184.3209876543208, Length: 3
  Phase 1 (Reward: 96.59382716049383):
    State breakdown:
      easy_correct_hist: [1.8519e-05,1.8519e-05,0.0000e+00,5.5556e-05,1.8519e-05,1.8519e-05,
 7.4074e-05,3.7037e-05,1.2963e-04,2.5926e-04,5.7407e-04,1.2778e-03,
 2.5741e-03,3.8704e-03,6.0185e-03,7.8148e-03,1.0481e-02,1.2889e-02,
 1.6093e-02,1.8611e-02,1.8778e-02,1.6759e-02,1.3241e-02,8.7407e-03,
 5.2407e-03,2.4444e-03,8.1481e-04,1.4815e-04,7.4074e-05,0.0000e+00,
 0.0000e+00,0.0000e+00,0.0000e+00,0.0000e+00,0.0000e+00,0.0000e+00,
 0.0000e+00,0.0000e+00,0.0000e+00,0.0000e+00,0.0000e+00,0.0000e+00,
 0.0000e+00,0.0000e+00,0.0000e+00,0.0000e+00,0.0000e+00,0.0000e+00,
 0.0000e+00,0.0000e+00,0.0000e+00,0.0000e+00,0.0000e+00,0.0000e+00,
 0.0000e+00,0.0000e+00,0.0000e+00,0.0000e+00,0.0000e+00,0.0000e+00,
 0.0000e+00,0.0000e+00,0.0000e+00,0.0000e+00]
      easy_incorrect_hist: [0.0000e+00,0.0000e+00,0.0000e+00,0.0000e+00,0.0000e+00,0.0000e+00,
 0.0000e+00,0.0000e+00,0.0000e+00,0.0000e+00,0.0000e+00,0.0000e+00,
 0.0000e+00,5.5556e-05,2.2222e-04,4.4444e-04,8.8889e-04,1.8333e-03,
 2.9259e-03,4.9444e-03,7.6481e-03,1.0167e-02,1.4537e-02,1.7648e-02,
 2.0759e-02,2.1667e-02,2.3704e-02,2.4519e-02,2.4463e-02,2.5407e-02,
 2.4759e-02,2.4426e-02,2.8222e-02,2.9185e-02,2.9574e-02,3.4074e-02,
 3.5907e-02,3.7833e-02,3.8593e-02,4.1296e-02,3.9907e-02,4.0796e-02,
 3.7907e-02,3.5389e-02,3.3463e-02,2.9704e-02,2.3463e-02,2.0259e-02,
 1.6704e-02,1.3093e-02,1.0722e-02,7.3148e-03,5.4444e-03,4.2037e-03,
 3.2037e-03,2.1296e-03,1.0185e-03,9.6296e-04,6.6667e-04,3.5185e-04,
 3.3333e-04,1.2963e-04,3.7037e-05,1.8519e-05]
      medium_correct_hist: [0.0009,0.0009,0.0007,0.0013,0.0016,0.0029,0.0029,0.0056,0.0078,0.0109,
 0.0084,0.0122,0.0153,0.0173,0.0178,0.0133,0.0116,0.0071,0.0049,0.0049,
 0.0022,0.    ,0.    ,0.    ,0.    ,0.    ,0.    ,0.    ,0.    ,0.    ,
 0.    ,0.    ,0.    ,0.    ,0.    ,0.    ,0.    ,0.    ,0.    ,0.    ,
 0.    ,0.    ,0.    ,0.    ,0.    ,0.    ,0.    ,0.    ,0.    ,0.    ,
 0.    ,0.    ,0.    ,0.    ,0.    ,0.    ,0.    ,0.    ,0.    ,0.    ,
 0.    ,0.    ,0.    ,0.    ]
      medium_incorrect_hist: [0.    ,0.    ,0.    ,0.    ,0.    ,0.    ,0.0004,0.0007,0.0004,0.0011,
 0.0013,0.002 ,0.0051,0.004 ,0.0064,0.0087,0.0082,0.0151,0.0169,0.0144,
 0.0187,0.0218,0.0193,0.0187,0.022 ,0.0238,0.0224,0.0222,0.0276,0.0238,
 0.0267,0.0307,0.0269,0.0311,0.034 ,0.0342,0.0338,0.0309,0.0322,0.0336,
 0.0278,0.0298,0.0307,0.0264,0.022 ,0.0149,0.0153,0.0116,0.0096,0.0111,
 0.008 ,0.0042,0.006 ,0.0029,0.0022,0.002 ,0.0031,0.    ,0.0011,0.0004,
 0.0007,0.0004,0.    ,0.0002]
      hard_correct_hist: [0.0013,0.0007,0.0007,0.0013,0.0033,0.0013,0.002 ,0.004 ,0.01  ,0.0053,
 0.0113,0.0127,0.0147,0.0127,0.014 ,0.0127,0.0133,0.0087,0.0087,0.0047,
 0.0013,0.    ,0.    ,0.    ,0.    ,0.    ,0.    ,0.    ,0.    ,0.    ,
 0.    ,0.    ,0.    ,0.    ,0.    ,0.    ,0.    ,0.    ,0.    ,0.    ,
 0.    ,0.    ,0.    ,0.    ,0.    ,0.    ,0.    ,0.    ,0.    ,0.    ,
 0.    ,0.    ,0.    ,0.    ,0.    ,0.    ,0.    ,0.    ,0.    ,0.    ,
 0.    ,0.    ,0.    ,0.    ]
      hard_incorrect_hist: [0.    ,0.    ,0.    ,0.    ,0.    ,0.    ,0.    ,0.    ,0.    ,0.    ,
 0.0007,0.002 ,0.0033,0.0033,0.0073,0.006 ,0.01  ,0.01  ,0.0133,0.0127,
 0.0127,0.022 ,0.0193,0.014 ,0.018 ,0.014 ,0.0213,0.0193,0.0207,0.024 ,
 0.0173,0.0173,0.0233,0.0287,0.0353,0.0367,0.0287,0.0227,0.0293,0.0327,
 0.0393,0.0333,0.0387,0.0333,0.022 ,0.0193,0.026 ,0.0233,0.0167,0.0147,
 0.0133,0.0067,0.0087,0.0067,0.0073,0.0053,0.004 ,0.0033,0.0027,0.0007,
 0.0007,0.002 ,0.0007,0.0007]
      relative_sizes: [0.9  ,0.075,0.025]
      extra: [0.,1.]
    Action breakdown:
      Learning Rate: 0.0235
      Mixing Ratios: [0.2599,0.0745,0.6656]
      Sample Usage Fraction: 0.2387
  Phase 2 (Reward: 97.68395061728397):
    State breakdown:
      easy_correct_hist: [9.2474e-01,2.3241e-02,1.1759e-02,2.8519e-03,7.4074e-04,3.7037e-05,
 0.0000e+00,0.0000e+00,0.0000e+00,0.0000e+00,0.0000e+00,0.0000e+00,
 0.0000e+00,0.0000e+00,0.0000e+00,0.0000e+00,0.0000e+00,0.0000e+00,
 0.0000e+00,0.0000e+00,0.0000e+00,0.0000e+00,0.0000e+00,0.0000e+00,
 0.0000e+00,0.0000e+00,0.0000e+00,0.0000e+00,0.0000e+00,0.0000e+00,
 0.0000e+00,0.0000e+00,0.0000e+00,0.0000e+00,0.0000e+00,0.0000e+00,
 0.0000e+00,0.0000e+00,0.0000e+00,0.0000e+00,0.0000e+00,0.0000e+00,
 0.0000e+00,0.0000e+00,0.0000e+00,0.0000e+00,0.0000e+00,0.0000e+00,
 0.0000e+00,0.0000e+00,0.0000e+00,0.0000e+00,0.0000e+00,0.0000e+00,
 0.0000e+00,0.0000e+00,0.0000e+00,0.0000e+00,0.0000e+00,0.0000e+00,
 0.0000e+00,0.0000e+00,0.0000e+00,0.0000e+00]
      easy_incorrect_hist: [0.0000e+00,0.0000e+00,5.5556e-04,5.2407e-03,4.8148e-03,4.2407e-03,
 3.5556e-03,2.2963e-03,2.2593e-03,1.8333e-03,1.4630e-03,1.2407e-03,
 1.0185e-03,1.0741e-03,9.4444e-04,8.5185e-04,6.8519e-04,7.0370e-04,
 4.2593e-04,4.4444e-04,3.7037e-04,4.0741e-04,3.1481e-04,2.5926e-04,
 1.4815e-04,1.1111e-04,2.0370e-04,2.5926e-04,3.7037e-05,5.5556e-05,
 9.2593e-05,7.4074e-05,1.8519e-05,5.5556e-05,9.2593e-05,5.5556e-05,
 3.7037e-05,5.5556e-05,5.5556e-05,7.4074e-05,3.7037e-05,1.8519e-05,
 0.0000e+00,0.0000e+00,1.8519e-05,3.7037e-05,0.0000e+00,0.0000e+00,
 1.8519e-05,0.0000e+00,0.0000e+00,0.0000e+00,0.0000e+00,0.0000e+00,
 3.7037e-05,0.0000e+00,0.0000e+00,1.8519e-05,0.0000e+00,0.0000e+00,
 0.0000e+00,0.0000e+00,0.0000e+00,1.8519e-05]
      medium_correct_hist: [9.0844e-01,2.2889e-02,1.4000e-02,8.0000e-03,1.7778e-03,6.6667e-04,
 0.0000e+00,0.0000e+00,0.0000e+00,0.0000e+00,0.0000e+00,0.0000e+00,
 0.0000e+00,0.0000e+00,0.0000e+00,0.0000e+00,0.0000e+00,0.0000e+00,
 0.0000e+00,0.0000e+00,0.0000e+00,0.0000e+00,0.0000e+00,0.0000e+00,
 0.0000e+00,0.0000e+00,0.0000e+00,0.0000e+00,0.0000e+00,0.0000e+00,
 0.0000e+00,0.0000e+00,0.0000e+00,0.0000e+00,0.0000e+00,0.0000e+00,
 0.0000e+00,0.0000e+00,0.0000e+00,0.0000e+00,0.0000e+00,0.0000e+00,
 0.0000e+00,0.0000e+00,0.0000e+00,0.0000e+00,0.0000e+00,0.0000e+00,
 0.0000e+00,0.0000e+00,0.0000e+00,0.0000e+00,0.0000e+00,0.0000e+00,
 0.0000e+00,0.0000e+00,0.0000e+00,0.0000e+00,0.0000e+00,0.0000e+00,
 0.0000e+00,0.0000e+00,0.0000e+00,0.0000e+00]
      medium_incorrect_hist: [0.    ,0.    ,0.    ,0.0011,0.0036,0.0038,0.0044,0.0027,0.0036,0.0011,
 0.0031,0.0033,0.0018,0.0022,0.0016,0.0011,0.0009,0.0013,0.0007,0.0007,
 0.0011,0.0007,0.    ,0.0002,0.0009,0.0002,0.0002,0.0002,0.0004,0.0004,
 0.0002,0.0002,0.0002,0.0002,0.0002,0.0002,0.0002,0.0004,0.    ,0.0002,
 0.0002,0.    ,0.    ,0.    ,0.    ,0.    ,0.    ,0.    ,0.    ,0.    ,
 0.0002,0.    ,0.    ,0.    ,0.    ,0.    ,0.    ,0.    ,0.    ,0.    ,
 0.    ,0.    ,0.    ,0.0002]
      hard_correct_hist: [8.7200e-01,4.6000e-02,1.9333e-02,1.0000e-02,3.3333e-03,8.0000e-03,
 4.0000e-03,5.3333e-03,3.3333e-03,2.0000e-03,2.0000e-03,1.3333e-03,
 6.6667e-04,6.6667e-04,6.6667e-04,0.0000e+00,0.0000e+00,0.0000e+00,
 0.0000e+00,0.0000e+00,0.0000e+00,0.0000e+00,0.0000e+00,0.0000e+00,
 0.0000e+00,0.0000e+00,0.0000e+00,0.0000e+00,0.0000e+00,0.0000e+00,
 0.0000e+00,0.0000e+00,0.0000e+00,0.0000e+00,0.0000e+00,0.0000e+00,
 0.0000e+00,0.0000e+00,0.0000e+00,0.0000e+00,0.0000e+00,0.0000e+00,
 0.0000e+00,0.0000e+00,0.0000e+00,0.0000e+00,0.0000e+00,0.0000e+00,
 0.0000e+00,0.0000e+00,0.0000e+00,0.0000e+00,0.0000e+00,0.0000e+00,
 0.0000e+00,0.0000e+00,0.0000e+00,0.0000e+00,0.0000e+00,0.0000e+00,
 0.0000e+00,0.0000e+00,0.0000e+00,0.0000e+00]
      hard_incorrect_hist: [0.    ,0.    ,0.    ,0.    ,0.    ,0.    ,0.    ,0.    ,0.    ,0.0007,
 0.0013,0.002 ,0.0013,0.    ,0.    ,0.    ,0.0007,0.    ,0.0033,0.    ,
 0.0007,0.0013,0.0007,0.0007,0.0007,0.0007,0.    ,0.    ,0.0013,0.    ,
 0.0007,0.    ,0.    ,0.0013,0.    ,0.    ,0.    ,0.    ,0.0013,0.    ,
 0.    ,0.    ,0.    ,0.    ,0.    ,0.    ,0.    ,0.    ,0.0007,0.    ,
 0.    ,0.    ,0.    ,0.    ,0.    ,0.    ,0.    ,0.0007,0.    ,0.0007,
 0.    ,0.    ,0.    ,0.0007]
      relative_sizes: [0.9  ,0.075,0.025]
      extra: [0.3333,0.7613]
    Action breakdown:
      Learning Rate: 0.0010
      Mixing Ratios: [0.4125,0.5182,0.0692]
      Sample Usage Fraction: 0.4817
  Phase 3 (Reward: 990.0432098765431):
    State breakdown:
      easy_correct_hist: [9.4422e-01,1.9889e-02,9.3889e-03,2.6296e-03,2.9630e-04,9.2593e-05,
 0.0000e+00,0.0000e+00,0.0000e+00,0.0000e+00,0.0000e+00,0.0000e+00,
 0.0000e+00,0.0000e+00,0.0000e+00,0.0000e+00,0.0000e+00,0.0000e+00,
 0.0000e+00,0.0000e+00,0.0000e+00,0.0000e+00,0.0000e+00,0.0000e+00,
 0.0000e+00,0.0000e+00,0.0000e+00,0.0000e+00,0.0000e+00,0.0000e+00,
 0.0000e+00,0.0000e+00,0.0000e+00,0.0000e+00,0.0000e+00,0.0000e+00,
 0.0000e+00,0.0000e+00,0.0000e+00,0.0000e+00,0.0000e+00,0.0000e+00,
 0.0000e+00,0.0000e+00,0.0000e+00,0.0000e+00,0.0000e+00,0.0000e+00,
 0.0000e+00,0.0000e+00,0.0000e+00,0.0000e+00,0.0000e+00,0.0000e+00,
 0.0000e+00,0.0000e+00,0.0000e+00,0.0000e+00,0.0000e+00,0.0000e+00,
 0.0000e+00,0.0000e+00,0.0000e+00,0.0000e+00]
      easy_incorrect_hist: [0.0000e+00,0.0000e+00,1.1111e-04,3.3889e-03,3.6852e-03,2.4074e-03,
 2.4815e-03,1.5556e-03,1.3519e-03,1.2963e-03,8.8889e-04,8.7037e-04,
 7.7778e-04,5.5556e-04,5.1852e-04,4.2593e-04,2.7778e-04,4.0741e-04,
 3.8889e-04,2.2222e-04,3.1481e-04,2.7778e-04,9.2593e-05,9.2593e-05,
 1.1111e-04,7.4074e-05,1.1111e-04,3.7037e-05,7.4074e-05,7.4074e-05,
 3.7037e-05,9.2593e-05,7.4074e-05,3.7037e-05,5.5556e-05,3.7037e-05,
 1.8519e-05,3.7037e-05,1.8519e-05,1.8519e-05,0.0000e+00,1.8519e-05,
 1.8519e-05,0.0000e+00,0.0000e+00,0.0000e+00,0.0000e+00,0.0000e+00,
 1.8519e-05,0.0000e+00,1.8519e-05,0.0000e+00,1.8519e-05,1.8519e-05,
 0.0000e+00,1.8519e-05,0.0000e+00,0.0000e+00,1.8519e-05,1.8519e-05,
 0.0000e+00,0.0000e+00,0.0000e+00,1.8519e-05]
      medium_correct_hist: [9.0844e-01,2.5778e-02,1.2000e-02,7.7778e-03,6.4444e-03,3.1111e-03,
 3.7778e-03,1.1111e-03,4.4444e-04,4.4444e-04,0.0000e+00,0.0000e+00,
 0.0000e+00,0.0000e+00,0.0000e+00,0.0000e+00,0.0000e+00,0.0000e+00,
 0.0000e+00,0.0000e+00,0.0000e+00,0.0000e+00,0.0000e+00,0.0000e+00,
 0.0000e+00,0.0000e+00,0.0000e+00,0.0000e+00,0.0000e+00,0.0000e+00,
 0.0000e+00,0.0000e+00,0.0000e+00,0.0000e+00,0.0000e+00,0.0000e+00,
 0.0000e+00,0.0000e+00,0.0000e+00,0.0000e+00,0.0000e+00,0.0000e+00,
 0.0000e+00,0.0000e+00,0.0000e+00,0.0000e+00,0.0000e+00,0.0000e+00,
 0.0000e+00,0.0000e+00,0.0000e+00,0.0000e+00,0.0000e+00,0.0000e+00,
 0.0000e+00,0.0000e+00,0.0000e+00,0.0000e+00,0.0000e+00,0.0000e+00,
 0.0000e+00,0.0000e+00,0.0000e+00,0.0000e+00]
      medium_incorrect_hist: [0.    ,0.    ,0.    ,0.    ,0.    ,0.    ,0.0004,0.0013,0.0029,0.0018,
 0.002 ,0.002 ,0.0011,0.0007,0.0011,0.0016,0.0011,0.0009,0.0009,0.0004,
 0.0016,0.0007,0.0004,0.0004,0.0007,0.0004,0.0007,0.0004,0.0004,0.    ,
 0.0007,0.0007,0.0011,0.0002,0.0007,0.    ,0.    ,0.    ,0.0002,0.    ,
 0.0002,0.    ,0.0002,0.0002,0.    ,0.0002,0.0002,0.    ,0.    ,0.0002,
 0.    ,0.    ,0.    ,0.    ,0.0002,0.0004,0.0002,0.    ,0.0002,0.    ,
 0.    ,0.0002,0.    ,0.0004]
      hard_correct_hist: [8.9667e-01,3.9333e-02,1.5333e-02,1.3333e-02,5.3333e-03,3.3333e-03,
 2.0000e-03,6.6667e-04,1.3333e-03,2.6667e-03,1.3333e-03,2.6667e-03,
 6.6667e-04,0.0000e+00,0.0000e+00,0.0000e+00,0.0000e+00,0.0000e+00,
 0.0000e+00,0.0000e+00,0.0000e+00,0.0000e+00,0.0000e+00,0.0000e+00,
 0.0000e+00,0.0000e+00,0.0000e+00,0.0000e+00,0.0000e+00,0.0000e+00,
 0.0000e+00,0.0000e+00,0.0000e+00,0.0000e+00,0.0000e+00,0.0000e+00,
 0.0000e+00,0.0000e+00,0.0000e+00,0.0000e+00,0.0000e+00,0.0000e+00,
 0.0000e+00,0.0000e+00,0.0000e+00,0.0000e+00,0.0000e+00,0.0000e+00,
 0.0000e+00,0.0000e+00,0.0000e+00,0.0000e+00,0.0000e+00,0.0000e+00,
 0.0000e+00,0.0000e+00,0.0000e+00,0.0000e+00,0.0000e+00,0.0000e+00,
 0.0000e+00,0.0000e+00,0.0000e+00,0.0000e+00]
      hard_incorrect_hist: [0.    ,0.    ,0.    ,0.    ,0.    ,0.    ,0.    ,0.    ,0.    ,0.    ,
 0.    ,0.0013,0.0007,0.0007,0.    ,0.    ,0.002 ,0.0013,0.    ,0.0007,
 0.0013,0.    ,0.    ,0.    ,0.    ,0.0007,0.    ,0.0007,0.    ,0.    ,
 0.0007,0.    ,0.    ,0.    ,0.0007,0.0013,0.    ,0.    ,0.    ,0.0007,
 0.    ,0.0007,0.    ,0.    ,0.    ,0.    ,0.    ,0.    ,0.0007,0.    ,
 0.    ,0.    ,0.    ,0.    ,0.    ,0.    ,0.    ,0.    ,0.0007,0.    ,
 0.    ,0.    ,0.    ,0.0007]
      relative_sizes: [0.9  ,0.075,0.025]
      extra: [0.6667,0.3946]
    Action breakdown:
      Learning Rate: 0.0056
      Mixing Ratios: [0.    ,0.3952,0.6048]
      Sample Usage Fraction: 1.0000

Episode 671 - Total Reward: 1190.20987654321, Length: 3
  Phase 1 (Reward: 98.03765432098766):
    State breakdown:
      easy_correct_hist: [3.7037e-05,1.1111e-04,1.1111e-04,2.5926e-04,5.0000e-04,8.5185e-04,
 1.2222e-03,1.5000e-03,2.2037e-03,3.3889e-03,4.4630e-03,4.6667e-03,
 6.0370e-03,6.2778e-03,7.3333e-03,7.5741e-03,8.0741e-03,6.3148e-03,
 6.7407e-03,5.4074e-03,4.2222e-03,4.0370e-03,3.0370e-03,2.5741e-03,
 1.9259e-03,1.2778e-03,6.2963e-04,4.0741e-04,1.4815e-04,1.8519e-05,
 0.0000e+00,0.0000e+00,0.0000e+00,0.0000e+00,0.0000e+00,0.0000e+00,
 0.0000e+00,0.0000e+00,0.0000e+00,0.0000e+00,0.0000e+00,0.0000e+00,
 0.0000e+00,0.0000e+00,0.0000e+00,0.0000e+00,0.0000e+00,0.0000e+00,
 0.0000e+00,0.0000e+00,0.0000e+00,0.0000e+00,0.0000e+00,0.0000e+00,
 0.0000e+00,0.0000e+00,0.0000e+00,0.0000e+00,0.0000e+00,0.0000e+00,
 0.0000e+00,0.0000e+00,0.0000e+00,0.0000e+00]
      easy_incorrect_hist: [0.0000e+00,0.0000e+00,0.0000e+00,0.0000e+00,0.0000e+00,0.0000e+00,
 0.0000e+00,7.4074e-05,1.4815e-04,1.1111e-04,5.0000e-04,7.0370e-04,
 1.1111e-03,1.7963e-03,2.6852e-03,3.8889e-03,4.7963e-03,7.2037e-03,
 8.9630e-03,1.0444e-02,1.2611e-02,1.3463e-02,1.4500e-02,1.7241e-02,
 1.8907e-02,2.2444e-02,2.4204e-02,2.7037e-02,3.0870e-02,3.4944e-02,
 3.7704e-02,4.1167e-02,4.4926e-02,4.5426e-02,4.7426e-02,4.7130e-02,
 4.7722e-02,4.5519e-02,4.4019e-02,4.2759e-02,3.8370e-02,3.3778e-02,
 2.9222e-02,2.3648e-02,1.9296e-02,1.5963e-02,1.2074e-02,9.8519e-03,
 6.6111e-03,5.4444e-03,3.7222e-03,2.7407e-03,1.5556e-03,1.3333e-03,
 8.7037e-04,6.4815e-04,3.7037e-04,3.1481e-04,2.0370e-04,9.2593e-05,
 3.7037e-05,1.8519e-05,1.8519e-05,1.8519e-05]
      medium_correct_hist: [0.0002,0.    ,0.    ,0.0013,0.0013,0.0011,0.0018,0.0036,0.0029,0.0038,
 0.0071,0.0056,0.0049,0.0029,0.0058,0.0047,0.0064,0.0058,0.0031,0.0044,
 0.0029,0.0038,0.0016,0.0016,0.0016,0.0002,0.0007,0.0007,0.    ,0.    ,
 0.    ,0.    ,0.    ,0.    ,0.    ,0.    ,0.    ,0.    ,0.    ,0.    ,
 0.    ,0.    ,0.    ,0.    ,0.    ,0.    ,0.    ,0.    ,0.    ,0.    ,
 0.    ,0.    ,0.    ,0.    ,0.    ,0.    ,0.    ,0.    ,0.    ,0.    ,
 0.    ,0.    ,0.    ,0.    ]
      medium_incorrect_hist: [0.    ,0.    ,0.    ,0.    ,0.    ,0.    ,0.0002,0.0004,0.    ,0.0013,
 0.0007,0.0011,0.002 ,0.002 ,0.0044,0.0051,0.0056,0.0098,0.0093,0.0111,
 0.0131,0.0111,0.0178,0.0189,0.0151,0.0196,0.024 ,0.0262,0.024 ,0.0296,
 0.0362,0.0358,0.0416,0.0416,0.0471,0.0471,0.0471,0.0447,0.0378,0.0402,
 0.0382,0.0391,0.0364,0.0227,0.0251,0.02  ,0.0164,0.012 ,0.0098,0.0082,
 0.006 ,0.0024,0.0038,0.0033,0.002 ,0.0013,0.0009,0.0002,0.0004,0.    ,
 0.0002,0.    ,0.    ,0.0002]
      hard_correct_hist: [0.0013,0.    ,0.002 ,0.0013,0.0027,0.002 ,0.0053,0.0053,0.002 ,0.004 ,
 0.0067,0.004 ,0.0067,0.0047,0.0053,0.0053,0.0053,0.0033,0.0047,0.0053,
 0.0033,0.0047,0.004 ,0.0007,0.0007,0.    ,0.    ,0.0007,0.    ,0.    ,
 0.    ,0.    ,0.    ,0.    ,0.    ,0.    ,0.    ,0.    ,0.    ,0.    ,
 0.    ,0.    ,0.    ,0.    ,0.    ,0.    ,0.    ,0.    ,0.    ,0.    ,
 0.    ,0.    ,0.    ,0.    ,0.    ,0.    ,0.    ,0.    ,0.    ,0.    ,
 0.    ,0.    ,0.    ,0.    ]
      hard_incorrect_hist: [0.    ,0.    ,0.    ,0.    ,0.    ,0.    ,0.0007,0.    ,0.    ,0.002 ,
 0.0007,0.0027,0.0027,0.004 ,0.0067,0.006 ,0.006 ,0.006 ,0.0087,0.0093,
 0.0113,0.0073,0.0173,0.0187,0.022 ,0.018 ,0.0293,0.0273,0.022 ,0.0307,
 0.032 ,0.0393,0.0373,0.0407,0.0333,0.038 ,0.0407,0.0407,0.0393,0.0453,
 0.0347,0.0333,0.032 ,0.026 ,0.0293,0.0147,0.016 ,0.0193,0.0173,0.006 ,
 0.008 ,0.006 ,0.0087,0.0027,0.0027,0.0027,0.0007,0.    ,0.    ,0.    ,
 0.    ,0.0013,0.    ,0.0013]
      relative_sizes: [0.9  ,0.075,0.025]
      extra: [0.,1.]
    Action breakdown:
      Learning Rate: 0.0159
      Mixing Ratios: [0.0877,0.1858,0.7265]
      Sample Usage Fraction: 0.4581
  Phase 2 (Reward: 99.2462962962963):
    State breakdown:
      easy_correct_hist: [9.4293e-01,1.7963e-02,7.5185e-03,1.4815e-03,3.1481e-04,3.7037e-05,
 0.0000e+00,0.0000e+00,0.0000e+00,0.0000e+00,0.0000e+00,0.0000e+00,
 0.0000e+00,0.0000e+00,0.0000e+00,0.0000e+00,0.0000e+00,0.0000e+00,
 0.0000e+00,0.0000e+00,0.0000e+00,0.0000e+00,0.0000e+00,0.0000e+00,
 0.0000e+00,0.0000e+00,0.0000e+00,0.0000e+00,0.0000e+00,0.0000e+00,
 0.0000e+00,0.0000e+00,0.0000e+00,0.0000e+00,0.0000e+00,0.0000e+00,
 0.0000e+00,0.0000e+00,0.0000e+00,0.0000e+00,0.0000e+00,0.0000e+00,
 0.0000e+00,0.0000e+00,0.0000e+00,0.0000e+00,0.0000e+00,0.0000e+00,
 0.0000e+00,0.0000e+00,0.0000e+00,0.0000e+00,0.0000e+00,0.0000e+00,
 0.0000e+00,0.0000e+00,0.0000e+00,0.0000e+00,0.0000e+00,0.0000e+00,
 0.0000e+00,0.0000e+00,0.0000e+00,0.0000e+00]
      easy_incorrect_hist: [0.0000e+00,0.0000e+00,5.9259e-04,4.2222e-03,3.9259e-03,3.0926e-03,
 2.4259e-03,2.3148e-03,1.6481e-03,1.4074e-03,1.2963e-03,1.2037e-03,
 1.0556e-03,6.6667e-04,6.8519e-04,5.5556e-04,6.8519e-04,5.7407e-04,
 5.0000e-04,3.7037e-04,2.7778e-04,3.3333e-04,2.2222e-04,2.5926e-04,
 1.2963e-04,1.4815e-04,1.1111e-04,1.2963e-04,1.1111e-04,7.4074e-05,
 1.4815e-04,7.4074e-05,3.7037e-05,7.4074e-05,3.7037e-05,3.7037e-05,
 9.2593e-05,1.8519e-05,1.8519e-05,1.8519e-05,1.8519e-05,1.8519e-05,
 1.8519e-05,1.8519e-05,0.0000e+00,0.0000e+00,0.0000e+00,0.0000e+00,
 0.0000e+00,0.0000e+00,3.7037e-05,1.8519e-05,0.0000e+00,0.0000e+00,
 0.0000e+00,0.0000e+00,0.0000e+00,0.0000e+00,0.0000e+00,0.0000e+00,
 1.8519e-05,0.0000e+00,1.8519e-05,1.8519e-05]
      medium_correct_hist: [9.3267e-01,2.4000e-02,9.1111e-03,6.4444e-03,4.0000e-03,3.7778e-03,
 2.2222e-04,4.4444e-04,2.2222e-04,0.0000e+00,0.0000e+00,0.0000e+00,
 0.0000e+00,0.0000e+00,0.0000e+00,0.0000e+00,0.0000e+00,0.0000e+00,
 0.0000e+00,0.0000e+00,0.0000e+00,0.0000e+00,0.0000e+00,0.0000e+00,
 0.0000e+00,0.0000e+00,0.0000e+00,0.0000e+00,0.0000e+00,0.0000e+00,
 0.0000e+00,0.0000e+00,0.0000e+00,0.0000e+00,0.0000e+00,0.0000e+00,
 0.0000e+00,0.0000e+00,0.0000e+00,0.0000e+00,0.0000e+00,0.0000e+00,
 0.0000e+00,0.0000e+00,0.0000e+00,0.0000e+00,0.0000e+00,0.0000e+00,
 0.0000e+00,0.0000e+00,0.0000e+00,0.0000e+00,0.0000e+00,0.0000e+00,
 0.0000e+00,0.0000e+00,0.0000e+00,0.0000e+00,0.0000e+00,0.0000e+00,
 0.0000e+00,0.0000e+00,0.0000e+00,0.0000e+00]
      medium_incorrect_hist: [0.    ,0.    ,0.    ,0.    ,0.    ,0.0004,0.0022,0.002 ,0.0007,0.0002,
 0.0016,0.0007,0.0018,0.0013,0.0004,0.0011,0.0011,0.0002,0.0009,0.    ,
 0.0002,0.0002,0.0002,0.0004,0.0004,0.    ,0.0002,0.0002,0.0004,0.    ,
 0.    ,0.0004,0.    ,0.0002,0.    ,0.    ,0.    ,0.    ,0.    ,0.    ,
 0.    ,0.    ,0.0004,0.    ,0.0002,0.0002,0.    ,0.    ,0.    ,0.    ,
 0.    ,0.    ,0.    ,0.    ,0.    ,0.    ,0.    ,0.    ,0.    ,0.    ,
 0.    ,0.0002,0.    ,0.0002]
      hard_correct_hist: [9.0467e-01,2.8667e-02,2.3333e-02,8.0000e-03,6.0000e-03,4.0000e-03,
 6.6667e-04,4.6667e-03,1.3333e-03,2.0000e-03,1.3333e-03,1.3333e-03,
 1.3333e-03,0.0000e+00,0.0000e+00,6.6667e-04,0.0000e+00,1.3333e-03,
 0.0000e+00,6.6667e-04,0.0000e+00,0.0000e+00,0.0000e+00,0.0000e+00,
 0.0000e+00,0.0000e+00,0.0000e+00,0.0000e+00,0.0000e+00,0.0000e+00,
 0.0000e+00,0.0000e+00,0.0000e+00,0.0000e+00,0.0000e+00,0.0000e+00,
 0.0000e+00,0.0000e+00,0.0000e+00,0.0000e+00,0.0000e+00,0.0000e+00,
 0.0000e+00,0.0000e+00,0.0000e+00,0.0000e+00,0.0000e+00,0.0000e+00,
 0.0000e+00,0.0000e+00,0.0000e+00,0.0000e+00,0.0000e+00,0.0000e+00,
 0.0000e+00,0.0000e+00,0.0000e+00,0.0000e+00,0.0000e+00,0.0000e+00,
 0.0000e+00,0.0000e+00,0.0000e+00,0.0000e+00]
      hard_incorrect_hist: [0.    ,0.    ,0.    ,0.    ,0.    ,0.    ,0.    ,0.    ,0.    ,0.    ,
 0.    ,0.    ,0.    ,0.    ,0.    ,0.    ,0.    ,0.0007,0.    ,0.    ,
 0.    ,0.0007,0.    ,0.    ,0.0007,0.    ,0.0013,0.0013,0.    ,0.    ,
 0.0007,0.    ,0.    ,0.0007,0.0007,0.    ,0.    ,0.    ,0.    ,0.    ,
 0.    ,0.0007,0.0013,0.    ,0.    ,0.    ,0.    ,0.    ,0.    ,0.    ,
 0.    ,0.    ,0.    ,0.    ,0.    ,0.    ,0.    ,0.    ,0.0007,0.    ,
 0.    ,0.    ,0.    ,0.0007]
      relative_sizes: [0.9  ,0.075,0.025]
      extra: [0.3333,0.5419]
    Action breakdown:
      Learning Rate: 0.0010
      Mixing Ratios: [0.0509,0.4572,0.4919]
      Sample Usage Fraction: 0.7182
  Phase 3 (Reward: 992.925925925926):
    State breakdown:
      easy_correct_hist: [9.6150e-01,1.3167e-02,5.5556e-03,1.0000e-03,1.6667e-04,0.0000e+00,
 0.0000e+00,0.0000e+00,0.0000e+00,0.0000e+00,0.0000e+00,0.0000e+00,
 0.0000e+00,0.0000e+00,0.0000e+00,0.0000e+00,0.0000e+00,0.0000e+00,
 0.0000e+00,0.0000e+00,0.0000e+00,0.0000e+00,0.0000e+00,0.0000e+00,
 0.0000e+00,0.0000e+00,0.0000e+00,0.0000e+00,0.0000e+00,0.0000e+00,
 0.0000e+00,0.0000e+00,0.0000e+00,0.0000e+00,0.0000e+00,0.0000e+00,
 0.0000e+00,0.0000e+00,0.0000e+00,0.0000e+00,0.0000e+00,0.0000e+00,
 0.0000e+00,0.0000e+00,0.0000e+00,0.0000e+00,0.0000e+00,0.0000e+00,
 0.0000e+00,0.0000e+00,0.0000e+00,0.0000e+00,0.0000e+00,0.0000e+00,
 0.0000e+00,0.0000e+00,0.0000e+00,0.0000e+00,0.0000e+00,0.0000e+00,
 0.0000e+00,0.0000e+00,0.0000e+00,0.0000e+00]
      easy_incorrect_hist: [0.0000e+00,0.0000e+00,3.1481e-04,2.8889e-03,2.5000e-03,2.0370e-03,
 1.5556e-03,1.5185e-03,1.1481e-03,9.8148e-04,6.4815e-04,4.8148e-04,
 5.5556e-04,4.4444e-04,4.0741e-04,3.3333e-04,3.8889e-04,2.7778e-04,
 2.0370e-04,2.4074e-04,1.8519e-04,1.8519e-04,1.6667e-04,2.2222e-04,
 9.2593e-05,1.2963e-04,1.1111e-04,1.8519e-05,5.5556e-05,5.5556e-05,
 3.7037e-05,3.7037e-05,5.5556e-05,1.8519e-05,1.8519e-05,3.7037e-05,
 5.5556e-05,1.8519e-05,0.0000e+00,0.0000e+00,0.0000e+00,1.8519e-05,
 0.0000e+00,1.8519e-05,1.8519e-05,1.8519e-05,0.0000e+00,1.8519e-05,
 1.8519e-05,0.0000e+00,0.0000e+00,0.0000e+00,0.0000e+00,0.0000e+00,
 0.0000e+00,0.0000e+00,1.8519e-05,0.0000e+00,0.0000e+00,1.8519e-05,
 0.0000e+00,1.8519e-05,0.0000e+00,1.8519e-05]
      medium_correct_hist: [9.6444e-01,1.7111e-02,8.0000e-03,3.3333e-03,2.0000e-03,8.8889e-04,
 6.6667e-04,2.2222e-04,0.0000e+00,0.0000e+00,0.0000e+00,0.0000e+00,
 0.0000e+00,0.0000e+00,0.0000e+00,0.0000e+00,0.0000e+00,0.0000e+00,
 0.0000e+00,0.0000e+00,0.0000e+00,0.0000e+00,0.0000e+00,0.0000e+00,
 0.0000e+00,0.0000e+00,0.0000e+00,0.0000e+00,0.0000e+00,0.0000e+00,
 0.0000e+00,0.0000e+00,0.0000e+00,0.0000e+00,0.0000e+00,0.0000e+00,
 0.0000e+00,0.0000e+00,0.0000e+00,0.0000e+00,0.0000e+00,0.0000e+00,
 0.0000e+00,0.0000e+00,0.0000e+00,0.0000e+00,0.0000e+00,0.0000e+00,
 0.0000e+00,0.0000e+00,0.0000e+00,0.0000e+00,0.0000e+00,0.0000e+00,
 0.0000e+00,0.0000e+00,0.0000e+00,0.0000e+00,0.0000e+00,0.0000e+00,
 0.0000e+00,0.0000e+00,0.0000e+00,0.0000e+00]
      medium_incorrect_hist: [0.    ,0.    ,0.    ,0.    ,0.    ,0.    ,0.    ,0.    ,0.0007,0.0002,
 0.0004,0.0002,0.0004,0.    ,0.0004,0.    ,0.0002,0.    ,0.    ,0.    ,
 0.    ,0.    ,0.    ,0.    ,0.0002,0.0002,0.    ,0.    ,0.    ,0.    ,
 0.    ,0.    ,0.    ,0.    ,0.    ,0.    ,0.    ,0.    ,0.    ,0.    ,
 0.    ,0.    ,0.    ,0.    ,0.    ,0.    ,0.    ,0.    ,0.    ,0.    ,
 0.    ,0.    ,0.    ,0.    ,0.    ,0.    ,0.    ,0.    ,0.    ,0.    ,
 0.    ,0.    ,0.    ,0.0002]
      hard_correct_hist: [9.4933e-01,2.2667e-02,1.4000e-02,6.0000e-03,3.3333e-03,6.6667e-04,
 1.3333e-03,0.0000e+00,1.3333e-03,0.0000e+00,0.0000e+00,0.0000e+00,
 0.0000e+00,0.0000e+00,0.0000e+00,0.0000e+00,0.0000e+00,0.0000e+00,
 0.0000e+00,0.0000e+00,6.6667e-04,0.0000e+00,0.0000e+00,0.0000e+00,
 0.0000e+00,0.0000e+00,0.0000e+00,0.0000e+00,0.0000e+00,0.0000e+00,
 0.0000e+00,0.0000e+00,0.0000e+00,0.0000e+00,0.0000e+00,0.0000e+00,
 0.0000e+00,0.0000e+00,0.0000e+00,0.0000e+00,0.0000e+00,0.0000e+00,
 0.0000e+00,0.0000e+00,0.0000e+00,0.0000e+00,0.0000e+00,0.0000e+00,
 0.0000e+00,0.0000e+00,0.0000e+00,0.0000e+00,0.0000e+00,0.0000e+00,
 0.0000e+00,0.0000e+00,0.0000e+00,0.0000e+00,0.0000e+00,0.0000e+00,
 0.0000e+00,0.0000e+00,0.0000e+00,0.0000e+00]
      hard_incorrect_hist: [0.    ,0.    ,0.    ,0.    ,0.    ,0.    ,0.    ,0.    ,0.    ,0.    ,
 0.    ,0.    ,0.    ,0.    ,0.    ,0.    ,0.    ,0.    ,0.    ,0.    ,
 0.    ,0.    ,0.    ,0.    ,0.    ,0.    ,0.    ,0.    ,0.    ,0.    ,
 0.    ,0.    ,0.    ,0.    ,0.    ,0.    ,0.    ,0.    ,0.    ,0.    ,
 0.    ,0.    ,0.    ,0.    ,0.    ,0.    ,0.    ,0.    ,0.    ,0.    ,
 0.    ,0.    ,0.    ,0.    ,0.    ,0.    ,0.    ,0.    ,0.    ,0.    ,
 0.    ,0.    ,0.    ,0.0007]
      relative_sizes: [0.9  ,0.075,0.025]
      extra: [0.6667,0.1527]
    Action breakdown:
      Learning Rate: 0.0010
      Mixing Ratios: [0.    ,0.5524,0.4476]
      Sample Usage Fraction: 0.3280

