--- Median Episodes Analysis ---

Episode 919 - Total Reward: 1096.2703703703705, Length: 3
  Phase 1 (Reward: 89.75555555555555):
    State breakdown:
      easy_correct_hist: [1.8519e-05,1.8519e-05,9.2593e-05,3.1481e-04,6.4815e-04,7.5926e-04,
 1.2222e-03,2.3704e-03,4.2222e-03,5.3148e-03,7.2593e-03,1.0352e-02,
 1.0685e-02,1.1500e-02,1.0833e-02,8.6111e-03,4.3889e-03,2.1852e-03,
 5.9259e-04,1.1111e-04,0.0000e+00,0.0000e+00,0.0000e+00,0.0000e+00,
 0.0000e+00,0.0000e+00,0.0000e+00,0.0000e+00,0.0000e+00,0.0000e+00,
 0.0000e+00,0.0000e+00,0.0000e+00,0.0000e+00,0.0000e+00,0.0000e+00,
 0.0000e+00,0.0000e+00,0.0000e+00,0.0000e+00,0.0000e+00,0.0000e+00,
 0.0000e+00,0.0000e+00,0.0000e+00,0.0000e+00,0.0000e+00,0.0000e+00,
 0.0000e+00,0.0000e+00,0.0000e+00,0.0000e+00,0.0000e+00,0.0000e+00,
 0.0000e+00,0.0000e+00,0.0000e+00,0.0000e+00,0.0000e+00,0.0000e+00,
 0.0000e+00,0.0000e+00,0.0000e+00,0.0000e+00]
      easy_incorrect_hist: [0.0000e+00,0.0000e+00,0.0000e+00,0.0000e+00,0.0000e+00,1.4815e-04,
 3.1481e-04,2.7778e-04,8.3333e-04,1.9444e-03,3.9815e-03,7.8333e-03,
 1.3056e-02,1.8778e-02,2.7222e-02,3.3463e-02,3.7426e-02,3.7741e-02,
 3.5852e-02,3.1852e-02,3.1222e-02,2.7685e-02,2.5907e-02,2.7667e-02,
 2.9167e-02,3.1259e-02,3.3722e-02,3.6407e-02,3.8278e-02,4.1815e-02,
 3.8815e-02,3.7352e-02,3.1222e-02,2.5111e-02,2.0926e-02,1.6296e-02,
 1.3204e-02,1.4093e-02,1.2778e-02,1.4278e-02,1.4352e-02,1.3685e-02,
 1.4259e-02,1.3815e-02,1.2000e-02,1.1611e-02,9.6111e-03,8.3519e-03,
 6.1481e-03,4.5926e-03,3.6481e-03,2.6296e-03,1.9074e-03,1.3333e-03,
 1.0370e-03,5.7407e-04,3.1481e-04,2.9630e-04,2.0370e-04,1.6667e-04,
 1.8519e-05,0.0000e+00,0.0000e+00,1.8519e-05]
      medium_correct_hist: [0.0004,0.0004,0.0002,0.0009,0.0022,0.0029,0.0033,0.0056,0.0062,0.0082,
 0.0116,0.0131,0.012 ,0.0089,0.0051,0.0022,0.0002,0.0002,0.    ,0.    ,
 0.    ,0.    ,0.    ,0.    ,0.    ,0.    ,0.    ,0.    ,0.    ,0.    ,
 0.    ,0.    ,0.    ,0.    ,0.    ,0.    ,0.    ,0.    ,0.    ,0.    ,
 0.    ,0.    ,0.    ,0.    ,0.    ,0.    ,0.    ,0.    ,0.    ,0.    ,
 0.    ,0.    ,0.    ,0.    ,0.    ,0.    ,0.    ,0.    ,0.    ,0.    ,
 0.    ,0.    ,0.    ,0.    ]
      medium_incorrect_hist: [0.    ,0.    ,0.    ,0.    ,0.0013,0.0004,0.0013,0.0031,0.0047,0.008 ,
 0.0127,0.0198,0.0282,0.0333,0.0351,0.0362,0.04  ,0.0327,0.028 ,0.0267,
 0.0249,0.0262,0.0267,0.0296,0.0251,0.0296,0.0333,0.04  ,0.0424,0.0364,
 0.0316,0.0293,0.0224,0.0216,0.0158,0.0156,0.0136,0.0129,0.0131,0.0153,
 0.0124,0.0138,0.0142,0.0124,0.0084,0.0089,0.0067,0.0047,0.0053,0.0027,
 0.0022,0.002 ,0.002 ,0.0002,0.0022,0.0007,0.0002,0.    ,0.    ,0.    ,
 0.    ,0.    ,0.    ,0.0002]
      hard_correct_hist: [0.0013,0.0013,0.0033,0.002 ,0.0027,0.0047,0.008 ,0.0067,0.01  ,0.0073,
 0.0093,0.008 ,0.0033,0.006 ,0.0027,0.0013,0.    ,0.    ,0.    ,0.    ,
 0.    ,0.    ,0.    ,0.    ,0.    ,0.    ,0.    ,0.    ,0.    ,0.    ,
 0.    ,0.    ,0.    ,0.    ,0.    ,0.    ,0.    ,0.    ,0.    ,0.    ,
 0.    ,0.    ,0.    ,0.    ,0.    ,0.    ,0.    ,0.    ,0.    ,0.    ,
 0.    ,0.    ,0.    ,0.    ,0.    ,0.    ,0.    ,0.    ,0.    ,0.    ,
 0.    ,0.    ,0.    ,0.    ]
      hard_incorrect_hist: [0.    ,0.    ,0.    ,0.0013,0.    ,0.0013,0.0027,0.0053,0.01  ,0.0127,
 0.02  ,0.0153,0.0273,0.034 ,0.028 ,0.0333,0.048 ,0.0253,0.0227,0.0227,
 0.0187,0.0227,0.0233,0.0287,0.026 ,0.0267,0.03  ,0.0327,0.0313,0.036 ,
 0.0313,0.0353,0.0287,0.02  ,0.028 ,0.0153,0.014 ,0.0133,0.0133,0.0087,
 0.01  ,0.012 ,0.0107,0.0087,0.0093,0.0107,0.0107,0.012 ,0.01  ,0.008 ,
 0.006 ,0.0013,0.004 ,0.0033,0.0033,0.0027,0.002 ,0.0013,0.0007,0.0007,
 0.    ,0.    ,0.    ,0.0007]
      relative_sizes: [0.9  ,0.075,0.025]
      extra: [0.,1.]
    Action breakdown:
      Learning Rate: 0.1000
      Mixing Ratios: [0.1945,0.7021,0.1034]
      Sample Usage Fraction: 0.4777
  Phase 2 (Reward: 92.23703703703704):
    State breakdown:
      easy_correct_hist: [8.7291e-01,1.9741e-02,4.6296e-04,0.0000e+00,0.0000e+00,0.0000e+00,
 0.0000e+00,0.0000e+00,0.0000e+00,0.0000e+00,0.0000e+00,0.0000e+00,
 0.0000e+00,0.0000e+00,0.0000e+00,0.0000e+00,0.0000e+00,0.0000e+00,
 0.0000e+00,0.0000e+00,0.0000e+00,0.0000e+00,0.0000e+00,0.0000e+00,
 0.0000e+00,0.0000e+00,0.0000e+00,0.0000e+00,0.0000e+00,0.0000e+00,
 0.0000e+00,0.0000e+00,0.0000e+00,0.0000e+00,0.0000e+00,0.0000e+00,
 0.0000e+00,0.0000e+00,0.0000e+00,0.0000e+00,0.0000e+00,0.0000e+00,
 0.0000e+00,0.0000e+00,0.0000e+00,0.0000e+00,0.0000e+00,0.0000e+00,
 0.0000e+00,0.0000e+00,0.0000e+00,0.0000e+00,0.0000e+00,0.0000e+00,
 0.0000e+00,0.0000e+00,0.0000e+00,0.0000e+00,0.0000e+00,0.0000e+00,
 0.0000e+00,0.0000e+00,0.0000e+00,0.0000e+00]
      easy_incorrect_hist: [0.0000e+00,1.3981e-02,1.7667e-02,1.6593e-02,1.4778e-02,1.0611e-02,
 6.5556e-03,6.3704e-03,5.1667e-03,3.9259e-03,2.1481e-03,1.6852e-03,
 1.4259e-03,1.2222e-03,7.7778e-04,7.9630e-04,5.0000e-04,6.2963e-04,
 2.9630e-04,4.2593e-04,1.6667e-04,1.2963e-04,2.4074e-04,7.4074e-05,
 1.6667e-04,9.2593e-05,3.7037e-05,1.8519e-05,1.8519e-05,3.7037e-05,
 1.8519e-05,1.8519e-05,5.5556e-05,7.4074e-05,3.7037e-05,3.7037e-05,
 1.8519e-05,0.0000e+00,0.0000e+00,1.8519e-05,0.0000e+00,0.0000e+00,
 0.0000e+00,0.0000e+00,3.7037e-05,0.0000e+00,0.0000e+00,0.0000e+00,
 0.0000e+00,0.0000e+00,0.0000e+00,1.8519e-05,0.0000e+00,0.0000e+00,
 0.0000e+00,0.0000e+00,0.0000e+00,0.0000e+00,0.0000e+00,0.0000e+00,
 0.0000e+00,0.0000e+00,0.0000e+00,1.8519e-05]
      medium_correct_hist: [8.4667e-01,4.1778e-02,1.5333e-02,1.5556e-03,2.2222e-04,0.0000e+00,
 0.0000e+00,0.0000e+00,0.0000e+00,0.0000e+00,0.0000e+00,0.0000e+00,
 0.0000e+00,0.0000e+00,0.0000e+00,0.0000e+00,0.0000e+00,0.0000e+00,
 0.0000e+00,0.0000e+00,0.0000e+00,0.0000e+00,0.0000e+00,0.0000e+00,
 0.0000e+00,0.0000e+00,0.0000e+00,0.0000e+00,0.0000e+00,0.0000e+00,
 0.0000e+00,0.0000e+00,0.0000e+00,0.0000e+00,0.0000e+00,0.0000e+00,
 0.0000e+00,0.0000e+00,0.0000e+00,0.0000e+00,0.0000e+00,0.0000e+00,
 0.0000e+00,0.0000e+00,0.0000e+00,0.0000e+00,0.0000e+00,0.0000e+00,
 0.0000e+00,0.0000e+00,0.0000e+00,0.0000e+00,0.0000e+00,0.0000e+00,
 0.0000e+00,0.0000e+00,0.0000e+00,0.0000e+00,0.0000e+00,0.0000e+00,
 0.0000e+00,0.0000e+00,0.0000e+00,0.0000e+00]
      medium_incorrect_hist: [0.    ,0.    ,0.0058,0.0091,0.0107,0.0098,0.0067,0.0049,0.0082,0.0058,
 0.0062,0.0024,0.0029,0.0038,0.0038,0.0024,0.0022,0.0013,0.0011,0.0004,
 0.0002,0.0007,0.0007,0.0004,0.0004,0.0002,0.0007,0.0007,0.0002,0.0002,
 0.0004,0.0004,0.0002,0.    ,0.0002,0.0002,0.0004,0.    ,0.0002,0.    ,
 0.    ,0.    ,0.    ,0.    ,0.    ,0.    ,0.    ,0.    ,0.    ,0.    ,
 0.    ,0.    ,0.    ,0.    ,0.    ,0.    ,0.    ,0.    ,0.    ,0.    ,
 0.    ,0.    ,0.    ,0.0002]
      hard_correct_hist: [0.7993,0.048 ,0.0273,0.012 ,0.004 ,0.0033,0.    ,0.    ,0.    ,0.    ,
 0.    ,0.    ,0.    ,0.    ,0.    ,0.    ,0.    ,0.    ,0.    ,0.    ,
 0.    ,0.    ,0.    ,0.    ,0.    ,0.    ,0.    ,0.    ,0.    ,0.    ,
 0.    ,0.    ,0.    ,0.    ,0.    ,0.    ,0.    ,0.    ,0.    ,0.    ,
 0.    ,0.    ,0.    ,0.    ,0.    ,0.    ,0.    ,0.    ,0.    ,0.    ,
 0.    ,0.    ,0.    ,0.    ,0.    ,0.    ,0.    ,0.    ,0.    ,0.    ,
 0.    ,0.    ,0.    ,0.    ]
      hard_incorrect_hist: [0.    ,0.    ,0.    ,0.    ,0.006 ,0.006 ,0.0073,0.0047,0.006 ,0.0073,
 0.0053,0.0047,0.0053,0.0047,0.0033,0.0073,0.002 ,0.0007,0.0047,0.0007,
 0.0027,0.0027,0.0013,0.    ,0.0033,0.0053,0.0007,0.    ,0.0013,0.0013,
 0.0013,0.0007,0.002 ,0.0007,0.0007,0.    ,0.0007,0.    ,0.0007,0.    ,
 0.    ,0.    ,0.    ,0.    ,0.    ,0.    ,0.0007,0.0007,0.    ,0.    ,
 0.    ,0.    ,0.    ,0.    ,0.    ,0.0007,0.    ,0.    ,0.0007,0.    ,
 0.    ,0.    ,0.0007,0.0013]
      relative_sizes: [0.9  ,0.075,0.025]
      extra: [0.3333,0.5223]
    Action breakdown:
      Learning Rate: 0.0010
      Mixing Ratios: [0.0381,0.869 ,0.0928]
      Sample Usage Fraction: 0.4214
  Phase 3 (Reward: 914.2777777777779):
    State breakdown:
      easy_correct_hist: [8.9228e-01,2.3870e-02,1.9815e-03,9.2593e-05,0.0000e+00,0.0000e+00,
 0.0000e+00,0.0000e+00,0.0000e+00,0.0000e+00,0.0000e+00,0.0000e+00,
 0.0000e+00,0.0000e+00,0.0000e+00,0.0000e+00,0.0000e+00,0.0000e+00,
 0.0000e+00,0.0000e+00,0.0000e+00,0.0000e+00,0.0000e+00,0.0000e+00,
 0.0000e+00,0.0000e+00,0.0000e+00,0.0000e+00,0.0000e+00,0.0000e+00,
 0.0000e+00,0.0000e+00,0.0000e+00,0.0000e+00,0.0000e+00,0.0000e+00,
 0.0000e+00,0.0000e+00,0.0000e+00,0.0000e+00,0.0000e+00,0.0000e+00,
 0.0000e+00,0.0000e+00,0.0000e+00,0.0000e+00,0.0000e+00,0.0000e+00,
 0.0000e+00,0.0000e+00,0.0000e+00,0.0000e+00,0.0000e+00,0.0000e+00,
 0.0000e+00,0.0000e+00,0.0000e+00,0.0000e+00,0.0000e+00,0.0000e+00,
 0.0000e+00,0.0000e+00,0.0000e+00,0.0000e+00]
      easy_incorrect_hist: [0.0000e+00,3.7593e-03,1.2222e-02,9.6481e-03,9.5000e-03,8.4815e-03,
 9.3519e-03,6.0370e-03,4.3333e-03,4.3889e-03,3.2407e-03,3.8704e-03,
 1.2963e-03,1.1667e-03,6.2963e-04,6.6667e-04,5.3704e-04,4.4444e-04,
 4.6296e-04,2.2222e-04,2.2222e-04,2.7778e-04,1.6667e-04,2.4074e-04,
 1.8519e-05,9.2593e-05,7.4074e-05,5.5556e-05,1.8519e-05,9.2593e-05,
 0.0000e+00,0.0000e+00,5.5556e-05,0.0000e+00,1.8519e-05,3.7037e-05,
 1.8519e-05,3.7037e-05,0.0000e+00,0.0000e+00,1.8519e-05,0.0000e+00,
 0.0000e+00,0.0000e+00,0.0000e+00,1.8519e-05,1.8519e-05,1.8519e-05,
 0.0000e+00,0.0000e+00,0.0000e+00,0.0000e+00,0.0000e+00,0.0000e+00,
 0.0000e+00,0.0000e+00,0.0000e+00,0.0000e+00,0.0000e+00,0.0000e+00,
 0.0000e+00,0.0000e+00,0.0000e+00,1.8519e-05]
      medium_correct_hist: [8.6200e-01,4.1111e-02,1.9111e-02,5.5556e-03,3.7778e-03,6.6667e-04,
 0.0000e+00,0.0000e+00,0.0000e+00,0.0000e+00,0.0000e+00,0.0000e+00,
 0.0000e+00,0.0000e+00,0.0000e+00,0.0000e+00,0.0000e+00,0.0000e+00,
 0.0000e+00,0.0000e+00,0.0000e+00,0.0000e+00,0.0000e+00,0.0000e+00,
 0.0000e+00,0.0000e+00,0.0000e+00,0.0000e+00,0.0000e+00,0.0000e+00,
 0.0000e+00,0.0000e+00,0.0000e+00,0.0000e+00,0.0000e+00,0.0000e+00,
 0.0000e+00,0.0000e+00,0.0000e+00,0.0000e+00,0.0000e+00,0.0000e+00,
 0.0000e+00,0.0000e+00,0.0000e+00,0.0000e+00,0.0000e+00,0.0000e+00,
 0.0000e+00,0.0000e+00,0.0000e+00,0.0000e+00,0.0000e+00,0.0000e+00,
 0.0000e+00,0.0000e+00,0.0000e+00,0.0000e+00,0.0000e+00,0.0000e+00,
 0.0000e+00,0.0000e+00,0.0000e+00,0.0000e+00]
      medium_incorrect_hist: [0.    ,0.    ,0.    ,0.0007,0.0053,0.0058,0.0033,0.0033,0.0042,0.0024,
 0.0038,0.0047,0.0027,0.0024,0.0027,0.0024,0.0042,0.0016,0.0007,0.0018,
 0.0022,0.0016,0.0009,0.0011,0.0007,0.0007,0.0016,0.0013,0.0007,0.0004,
 0.0002,0.0007,0.0004,0.0009,0.    ,0.    ,0.0002,0.    ,0.0002,0.0002,
 0.    ,0.    ,0.    ,0.0004,0.    ,0.0002,0.    ,0.    ,0.    ,0.0002,
 0.    ,0.    ,0.0002,0.    ,0.    ,0.    ,0.    ,0.    ,0.    ,0.0002,
 0.    ,0.    ,0.    ,0.0004]
      hard_correct_hist: [8.5467e-01,3.4000e-02,1.6667e-02,8.6667e-03,2.0000e-03,0.0000e+00,
 0.0000e+00,6.6667e-04,0.0000e+00,0.0000e+00,0.0000e+00,0.0000e+00,
 0.0000e+00,0.0000e+00,0.0000e+00,0.0000e+00,0.0000e+00,0.0000e+00,
 0.0000e+00,0.0000e+00,0.0000e+00,0.0000e+00,0.0000e+00,0.0000e+00,
 0.0000e+00,0.0000e+00,0.0000e+00,0.0000e+00,0.0000e+00,0.0000e+00,
 0.0000e+00,0.0000e+00,0.0000e+00,0.0000e+00,0.0000e+00,0.0000e+00,
 0.0000e+00,0.0000e+00,0.0000e+00,0.0000e+00,0.0000e+00,0.0000e+00,
 0.0000e+00,0.0000e+00,0.0000e+00,0.0000e+00,0.0000e+00,0.0000e+00,
 0.0000e+00,0.0000e+00,0.0000e+00,0.0000e+00,0.0000e+00,0.0000e+00,
 0.0000e+00,0.0000e+00,0.0000e+00,0.0000e+00,0.0000e+00,0.0000e+00,
 0.0000e+00,0.0000e+00,0.0000e+00,0.0000e+00]
      hard_incorrect_hist: [0.    ,0.    ,0.    ,0.    ,0.0033,0.0053,0.0073,0.0053,0.0033,0.0053,
 0.0047,0.0047,0.0047,0.004 ,0.0053,0.002 ,0.0027,0.002 ,0.0007,0.0033,
 0.0007,0.004 ,0.0007,0.002 ,0.0007,0.    ,0.0007,0.0007,0.0007,0.0007,
 0.0007,0.002 ,0.0007,0.    ,0.    ,0.    ,0.    ,0.    ,0.0007,0.    ,
 0.0007,0.    ,0.    ,0.    ,0.0007,0.0007,0.    ,0.    ,0.    ,0.0007,
 0.    ,0.    ,0.    ,0.    ,0.0007,0.    ,0.    ,0.    ,0.    ,0.    ,
 0.    ,0.    ,0.0007,0.0007]
      relative_sizes: [0.9  ,0.075,0.025]
      extra: [0.6667,0.3022]
    Action breakdown:
      Learning Rate: 0.1000
      Mixing Ratios: [0.1683,0.2081,0.6236]
      Sample Usage Fraction: 0.4378

Episode 845 - Total Reward: 1096.467901234568, Length: 3
  Phase 1 (Reward: 91.06049382716049):
    State breakdown:
      easy_correct_hist: [3.7037e-05,0.0000e+00,1.8519e-05,1.1111e-04,2.5926e-04,2.4074e-04,
 6.6667e-04,1.0185e-03,1.2407e-03,2.4259e-03,3.2593e-03,4.2037e-03,
 5.6667e-03,6.1296e-03,7.7037e-03,9.0000e-03,8.7778e-03,9.4259e-03,
 8.4259e-03,7.3889e-03,6.7778e-03,5.2778e-03,4.7963e-03,3.5556e-03,
 2.2963e-03,1.6852e-03,7.2222e-04,5.5556e-04,1.1111e-04,7.4074e-05,
 0.0000e+00,0.0000e+00,0.0000e+00,0.0000e+00,0.0000e+00,0.0000e+00,
 0.0000e+00,0.0000e+00,0.0000e+00,0.0000e+00,0.0000e+00,0.0000e+00,
 0.0000e+00,0.0000e+00,0.0000e+00,0.0000e+00,0.0000e+00,0.0000e+00,
 0.0000e+00,0.0000e+00,0.0000e+00,0.0000e+00,0.0000e+00,0.0000e+00,
 0.0000e+00,0.0000e+00,0.0000e+00,0.0000e+00,0.0000e+00,0.0000e+00,
 0.0000e+00,0.0000e+00,0.0000e+00,0.0000e+00]
      easy_incorrect_hist: [0.0000e+00,0.0000e+00,0.0000e+00,0.0000e+00,0.0000e+00,0.0000e+00,
 0.0000e+00,0.0000e+00,0.0000e+00,0.0000e+00,0.0000e+00,0.0000e+00,
 0.0000e+00,0.0000e+00,0.0000e+00,0.0000e+00,0.0000e+00,0.0000e+00,
 1.8519e-05,0.0000e+00,2.2222e-04,3.5185e-04,8.1481e-04,1.2037e-03,
 2.7963e-03,4.5370e-03,6.1296e-03,9.1296e-03,1.2722e-02,1.6167e-02,
 1.9222e-02,2.2056e-02,2.4648e-02,2.8000e-02,3.3833e-02,4.1074e-02,
 5.6630e-02,7.2296e-02,8.2167e-02,7.1148e-02,5.8426e-02,5.3000e-02,
 4.5074e-02,4.1222e-02,3.3889e-02,2.9741e-02,2.4778e-02,2.2648e-02,
 1.7204e-02,1.5204e-02,1.2685e-02,1.0222e-02,8.2593e-03,6.5556e-03,
 4.5370e-03,3.0926e-03,2.5741e-03,1.6111e-03,1.0370e-03,5.7407e-04,
 3.1481e-04,2.2222e-04,7.4074e-05,3.7037e-05]
      medium_correct_hist: [0.0004,0.0004,0.0002,0.    ,0.0011,0.0016,0.0024,0.0036,0.0038,0.0042,
 0.006 ,0.0082,0.0084,0.0087,0.0076,0.0073,0.0098,0.0076,0.0053,0.0058,
 0.0027,0.0027,0.0013,0.0018,0.0002,0.0002,0.0004,0.    ,0.    ,0.    ,
 0.    ,0.    ,0.    ,0.    ,0.    ,0.    ,0.    ,0.    ,0.    ,0.    ,
 0.    ,0.    ,0.    ,0.    ,0.    ,0.    ,0.    ,0.    ,0.    ,0.    ,
 0.    ,0.    ,0.    ,0.    ,0.    ,0.    ,0.    ,0.    ,0.    ,0.    ,
 0.    ,0.    ,0.    ,0.    ]
      medium_incorrect_hist: [0.    ,0.    ,0.    ,0.    ,0.    ,0.    ,0.    ,0.    ,0.    ,0.    ,
 0.    ,0.    ,0.    ,0.    ,0.    ,0.    ,0.    ,0.    ,0.0004,0.0002,
 0.0011,0.0022,0.0038,0.0047,0.0078,0.0084,0.0127,0.0171,0.018 ,0.0207,
 0.0269,0.0309,0.0351,0.0387,0.0487,0.0658,0.0847,0.0682,0.0567,0.0567,
 0.046 ,0.0416,0.0338,0.0282,0.0278,0.0213,0.0204,0.0162,0.012 ,0.01  ,
 0.0069,0.0076,0.0058,0.004 ,0.0027,0.0018,0.0007,0.0007,0.0009,0.0002,
 0.    ,0.0002,0.    ,0.0002]
      hard_correct_hist: [0.0007,0.    ,0.    ,0.0013,0.    ,0.0007,0.0007,0.0007,0.    ,0.0027,
 0.0033,0.0033,0.0033,0.0027,0.006 ,0.0073,0.01  ,0.01  ,0.01  ,0.0087,
 0.0053,0.0067,0.0013,0.0047,0.0033,0.0007,0.002 ,0.    ,0.0013,0.    ,
 0.    ,0.    ,0.    ,0.    ,0.    ,0.    ,0.    ,0.    ,0.    ,0.    ,
 0.    ,0.    ,0.    ,0.    ,0.    ,0.    ,0.    ,0.    ,0.    ,0.    ,
 0.    ,0.    ,0.    ,0.    ,0.    ,0.    ,0.    ,0.    ,0.    ,0.    ,
 0.    ,0.    ,0.    ,0.    ]
      hard_incorrect_hist: [0.    ,0.    ,0.    ,0.    ,0.    ,0.    ,0.    ,0.    ,0.    ,0.    ,
 0.    ,0.    ,0.    ,0.    ,0.    ,0.    ,0.    ,0.    ,0.    ,0.    ,
 0.    ,0.0013,0.0007,0.0013,0.002 ,0.002 ,0.0067,0.0073,0.0133,0.0153,
 0.014 ,0.0167,0.022 ,0.018 ,0.02  ,0.036 ,0.036 ,0.0507,0.0533,0.0587,
 0.074 ,0.0653,0.0447,0.0413,0.0427,0.0393,0.03  ,0.036 ,0.0247,0.02  ,
 0.0233,0.0133,0.0173,0.0113,0.0127,0.0107,0.0053,0.006 ,0.0013,0.0047,
 0.0007,0.002 ,0.    ,0.0013]
      relative_sizes: [0.9  ,0.075,0.025]
      extra: [0.,1.]
    Action breakdown:
      Learning Rate: 0.0921
      Mixing Ratios: [0.5745,0.1771,0.2484]
      Sample Usage Fraction: 0.3164
  Phase 2 (Reward: 96.23456790123457):
    State breakdown:
      easy_correct_hist: [8.7889e-01,3.0426e-02,4.2593e-03,6.4815e-04,3.7037e-05,0.0000e+00,
 0.0000e+00,0.0000e+00,0.0000e+00,0.0000e+00,0.0000e+00,0.0000e+00,
 0.0000e+00,0.0000e+00,0.0000e+00,0.0000e+00,0.0000e+00,0.0000e+00,
 0.0000e+00,0.0000e+00,0.0000e+00,0.0000e+00,0.0000e+00,0.0000e+00,
 0.0000e+00,0.0000e+00,0.0000e+00,0.0000e+00,0.0000e+00,0.0000e+00,
 0.0000e+00,0.0000e+00,0.0000e+00,0.0000e+00,0.0000e+00,0.0000e+00,
 0.0000e+00,0.0000e+00,0.0000e+00,0.0000e+00,0.0000e+00,0.0000e+00,
 0.0000e+00,0.0000e+00,0.0000e+00,0.0000e+00,0.0000e+00,0.0000e+00,
 0.0000e+00,0.0000e+00,0.0000e+00,0.0000e+00,0.0000e+00,0.0000e+00,
 0.0000e+00,0.0000e+00,0.0000e+00,0.0000e+00,0.0000e+00,0.0000e+00,
 0.0000e+00,0.0000e+00,0.0000e+00,0.0000e+00]
      easy_incorrect_hist: [0.0000e+00,1.6481e-03,1.1519e-02,9.7222e-03,9.4815e-03,9.5556e-03,
 6.3704e-03,7.0370e-03,6.0185e-03,4.0185e-03,3.1852e-03,2.5000e-03,
 2.2778e-03,1.7963e-03,1.3333e-03,1.2407e-03,1.0185e-03,1.2037e-03,
 6.6667e-04,6.2963e-04,5.9259e-04,5.0000e-04,5.0000e-04,4.4444e-04,
 4.2593e-04,2.2222e-04,2.4074e-04,1.8519e-04,2.4074e-04,2.2222e-04,
 1.2963e-04,9.2593e-05,9.2593e-05,3.7037e-05,5.5556e-05,3.7037e-05,
 1.8519e-05,7.4074e-05,0.0000e+00,1.8519e-05,5.5556e-05,3.7037e-05,
 1.8519e-05,3.7037e-05,0.0000e+00,3.7037e-05,1.8519e-05,0.0000e+00,
 3.7037e-05,1.8519e-05,5.5556e-05,0.0000e+00,3.7037e-05,1.8519e-05,
 0.0000e+00,0.0000e+00,0.0000e+00,0.0000e+00,0.0000e+00,0.0000e+00,
 0.0000e+00,0.0000e+00,0.0000e+00,1.8519e-05]
      medium_correct_hist: [8.6689e-01,3.1111e-02,9.3333e-03,1.3333e-03,2.2222e-04,0.0000e+00,
 0.0000e+00,0.0000e+00,0.0000e+00,0.0000e+00,0.0000e+00,0.0000e+00,
 0.0000e+00,0.0000e+00,0.0000e+00,0.0000e+00,0.0000e+00,0.0000e+00,
 0.0000e+00,0.0000e+00,0.0000e+00,0.0000e+00,0.0000e+00,0.0000e+00,
 0.0000e+00,0.0000e+00,0.0000e+00,0.0000e+00,0.0000e+00,0.0000e+00,
 0.0000e+00,0.0000e+00,0.0000e+00,0.0000e+00,0.0000e+00,0.0000e+00,
 0.0000e+00,0.0000e+00,0.0000e+00,0.0000e+00,0.0000e+00,0.0000e+00,
 0.0000e+00,0.0000e+00,0.0000e+00,0.0000e+00,0.0000e+00,0.0000e+00,
 0.0000e+00,0.0000e+00,0.0000e+00,0.0000e+00,0.0000e+00,0.0000e+00,
 0.0000e+00,0.0000e+00,0.0000e+00,0.0000e+00,0.0000e+00,0.0000e+00,
 0.0000e+00,0.0000e+00,0.0000e+00,0.0000e+00]
      medium_incorrect_hist: [0.    ,0.    ,0.0096,0.0096,0.0093,0.0069,0.0096,0.0067,0.0062,0.0056,
 0.0051,0.0024,0.0029,0.0018,0.0016,0.0016,0.0016,0.0009,0.0009,0.0011,
 0.0009,0.0004,0.0002,0.0013,0.0009,0.0004,0.0009,0.0002,0.0004,0.0004,
 0.0004,0.    ,0.    ,0.    ,0.0002,0.    ,0.    ,0.0002,0.    ,0.    ,
 0.    ,0.    ,0.    ,0.0002,0.    ,0.    ,0.0002,0.    ,0.    ,0.    ,
 0.    ,0.    ,0.    ,0.    ,0.    ,0.0002,0.    ,0.    ,0.    ,0.    ,
 0.    ,0.    ,0.    ,0.0002]
      hard_correct_hist: [8.5133e-01,3.4667e-02,1.6667e-02,3.3333e-03,2.0000e-03,6.6667e-04,
 0.0000e+00,0.0000e+00,0.0000e+00,0.0000e+00,0.0000e+00,0.0000e+00,
 0.0000e+00,0.0000e+00,0.0000e+00,0.0000e+00,0.0000e+00,0.0000e+00,
 0.0000e+00,0.0000e+00,0.0000e+00,0.0000e+00,0.0000e+00,0.0000e+00,
 0.0000e+00,0.0000e+00,0.0000e+00,0.0000e+00,0.0000e+00,0.0000e+00,
 0.0000e+00,0.0000e+00,0.0000e+00,0.0000e+00,0.0000e+00,0.0000e+00,
 0.0000e+00,0.0000e+00,0.0000e+00,0.0000e+00,0.0000e+00,0.0000e+00,
 0.0000e+00,0.0000e+00,0.0000e+00,0.0000e+00,0.0000e+00,0.0000e+00,
 0.0000e+00,0.0000e+00,0.0000e+00,0.0000e+00,0.0000e+00,0.0000e+00,
 0.0000e+00,0.0000e+00,0.0000e+00,0.0000e+00,0.0000e+00,0.0000e+00,
 0.0000e+00,0.0000e+00,0.0000e+00,0.0000e+00]
      hard_incorrect_hist: [0.    ,0.    ,0.    ,0.006 ,0.0093,0.0053,0.0113,0.0033,0.0067,0.004 ,
 0.004 ,0.0047,0.0027,0.0047,0.004 ,0.0013,0.0027,0.0013,0.0013,0.002 ,
 0.002 ,0.    ,0.0013,0.002 ,0.0007,0.0007,0.    ,0.0007,0.0007,0.0013,
 0.    ,0.    ,0.002 ,0.    ,0.0013,0.    ,0.    ,0.    ,0.0013,0.    ,
 0.0007,0.0007,0.    ,0.    ,0.    ,0.    ,0.    ,0.    ,0.    ,0.    ,
 0.    ,0.    ,0.    ,0.    ,0.    ,0.    ,0.0007,0.    ,0.    ,0.    ,
 0.    ,0.    ,0.    ,0.0007]
      relative_sizes: [0.9  ,0.075,0.025]
      extra: [0.3333,0.6836]
    Action breakdown:
      Learning Rate: 0.0489
      Mixing Ratios: [0.0168,0.518 ,0.4652]
      Sample Usage Fraction: 0.8842
  Phase 3 (Reward: 909.1728395061729):
    State breakdown:
      easy_correct_hist: [9.2146e-01,1.3185e-02,9.8148e-04,7.4074e-05,0.0000e+00,0.0000e+00,
 0.0000e+00,0.0000e+00,0.0000e+00,0.0000e+00,0.0000e+00,0.0000e+00,
 0.0000e+00,0.0000e+00,0.0000e+00,0.0000e+00,0.0000e+00,0.0000e+00,
 0.0000e+00,0.0000e+00,0.0000e+00,0.0000e+00,0.0000e+00,0.0000e+00,
 0.0000e+00,0.0000e+00,0.0000e+00,0.0000e+00,0.0000e+00,0.0000e+00,
 0.0000e+00,0.0000e+00,0.0000e+00,0.0000e+00,0.0000e+00,0.0000e+00,
 0.0000e+00,0.0000e+00,0.0000e+00,0.0000e+00,0.0000e+00,0.0000e+00,
 0.0000e+00,0.0000e+00,0.0000e+00,0.0000e+00,0.0000e+00,0.0000e+00,
 0.0000e+00,0.0000e+00,0.0000e+00,0.0000e+00,0.0000e+00,0.0000e+00,
 0.0000e+00,0.0000e+00,0.0000e+00,0.0000e+00,0.0000e+00,0.0000e+00,
 0.0000e+00,0.0000e+00,0.0000e+00,0.0000e+00]
      easy_incorrect_hist: [0.0000e+00,3.9444e-03,8.0926e-03,7.5185e-03,7.1667e-03,6.4630e-03,
 4.7963e-03,3.5741e-03,3.1481e-03,2.5741e-03,2.3519e-03,1.9630e-03,
 1.8519e-03,1.3148e-03,1.0741e-03,1.3148e-03,8.7037e-04,8.7037e-04,
 7.2222e-04,7.9630e-04,6.6667e-04,3.1481e-04,4.8148e-04,3.8889e-04,
 2.4074e-04,1.6667e-04,2.4074e-04,2.4074e-04,1.6667e-04,1.2963e-04,
 7.4074e-05,1.1111e-04,7.4074e-05,3.7037e-05,1.8519e-05,5.5556e-05,
 3.7037e-05,1.8519e-05,3.7037e-05,5.5556e-05,7.4074e-05,0.0000e+00,
 0.0000e+00,5.5556e-05,1.8519e-05,0.0000e+00,0.0000e+00,3.7037e-05,
 0.0000e+00,1.8519e-05,0.0000e+00,0.0000e+00,0.0000e+00,0.0000e+00,
 0.0000e+00,1.8519e-05,0.0000e+00,1.8519e-05,1.8519e-05,3.7037e-05,
 0.0000e+00,1.8519e-05,0.0000e+00,1.8519e-05]
      medium_correct_hist: [9.3578e-01,1.9111e-02,7.7778e-03,2.8889e-03,5.5556e-03,8.8889e-04,
 1.1111e-03,0.0000e+00,2.2222e-04,0.0000e+00,0.0000e+00,0.0000e+00,
 0.0000e+00,0.0000e+00,0.0000e+00,0.0000e+00,0.0000e+00,0.0000e+00,
 0.0000e+00,0.0000e+00,0.0000e+00,0.0000e+00,0.0000e+00,0.0000e+00,
 0.0000e+00,0.0000e+00,0.0000e+00,0.0000e+00,0.0000e+00,0.0000e+00,
 0.0000e+00,0.0000e+00,0.0000e+00,0.0000e+00,0.0000e+00,0.0000e+00,
 0.0000e+00,0.0000e+00,0.0000e+00,0.0000e+00,0.0000e+00,0.0000e+00,
 0.0000e+00,0.0000e+00,0.0000e+00,0.0000e+00,0.0000e+00,0.0000e+00,
 0.0000e+00,0.0000e+00,0.0000e+00,0.0000e+00,0.0000e+00,0.0000e+00,
 0.0000e+00,0.0000e+00,0.0000e+00,0.0000e+00,0.0000e+00,0.0000e+00,
 0.0000e+00,0.0000e+00,0.0000e+00,0.0000e+00]
      medium_incorrect_hist: [0.    ,0.    ,0.    ,0.    ,0.0013,0.0018,0.0013,0.0013,0.0007,0.0009,
 0.002 ,0.0029,0.0016,0.0011,0.0018,0.0018,0.0013,0.0016,0.0009,0.0002,
 0.0007,0.0011,0.    ,0.    ,0.0002,0.0002,0.    ,0.    ,0.0004,0.    ,
 0.    ,0.0002,0.    ,0.    ,0.0004,0.    ,0.    ,0.    ,0.    ,0.    ,
 0.    ,0.    ,0.    ,0.    ,0.    ,0.    ,0.    ,0.0002,0.0002,0.    ,
 0.    ,0.    ,0.0002,0.    ,0.    ,0.    ,0.    ,0.    ,0.    ,0.    ,
 0.    ,0.    ,0.    ,0.0002]
      hard_correct_hist: [0.928 ,0.0187,0.0147,0.0067,0.0027,0.002 ,0.002 ,0.0013,0.002 ,0.    ,
 0.    ,0.    ,0.    ,0.    ,0.    ,0.    ,0.    ,0.    ,0.    ,0.    ,
 0.    ,0.    ,0.    ,0.    ,0.    ,0.    ,0.    ,0.    ,0.    ,0.    ,
 0.    ,0.    ,0.    ,0.    ,0.    ,0.    ,0.    ,0.    ,0.    ,0.    ,
 0.    ,0.    ,0.    ,0.    ,0.    ,0.    ,0.    ,0.    ,0.    ,0.    ,
 0.    ,0.    ,0.    ,0.    ,0.    ,0.    ,0.    ,0.    ,0.    ,0.    ,
 0.    ,0.    ,0.    ,0.    ]
      hard_incorrect_hist: [0.    ,0.    ,0.    ,0.    ,0.    ,0.    ,0.0007,0.0013,0.0007,0.0007,
 0.    ,0.0013,0.0007,0.0007,0.    ,0.0013,0.    ,0.0007,0.0013,0.002 ,
 0.    ,0.0007,0.0007,0.002 ,0.0007,0.0007,0.    ,0.0013,0.    ,0.0007,
 0.0013,0.0007,0.    ,0.    ,0.0007,0.    ,0.    ,0.    ,0.    ,0.    ,
 0.    ,0.    ,0.    ,0.    ,0.    ,0.    ,0.0007,0.    ,0.    ,0.    ,
 0.    ,0.    ,0.    ,0.    ,0.    ,0.    ,0.    ,0.    ,0.    ,0.    ,
 0.    ,0.    ,0.    ,0.0007]
      relative_sizes: [0.9  ,0.075,0.025]
      extra: [0.6667,0.0792]
    Action breakdown:
      Learning Rate: 0.1000
      Mixing Ratios: [0.    ,0.3822,0.6178]
      Sample Usage Fraction: 0.2929

Episode 174 - Total Reward: 1096.8524691358025, Length: 3
  Phase 1 (Reward: 78.4283950617284):
    State breakdown:
      easy_correct_hist: [3.7037e-05,1.8519e-05,3.7037e-05,7.4074e-05,2.5926e-04,4.6296e-04,
 7.0370e-04,1.3519e-03,2.5370e-03,2.9815e-03,5.2037e-03,7.0741e-03,
 8.7778e-03,1.0981e-02,1.0204e-02,1.0352e-02,1.0093e-02,8.8519e-03,
 6.4444e-03,4.6111e-03,2.8889e-03,1.0926e-03,2.0370e-04,1.8519e-05,
 1.8519e-05,0.0000e+00,0.0000e+00,0.0000e+00,0.0000e+00,0.0000e+00,
 0.0000e+00,0.0000e+00,0.0000e+00,0.0000e+00,0.0000e+00,0.0000e+00,
 0.0000e+00,0.0000e+00,0.0000e+00,0.0000e+00,0.0000e+00,0.0000e+00,
 0.0000e+00,0.0000e+00,0.0000e+00,0.0000e+00,0.0000e+00,0.0000e+00,
 0.0000e+00,0.0000e+00,0.0000e+00,0.0000e+00,0.0000e+00,0.0000e+00,
 0.0000e+00,0.0000e+00,0.0000e+00,0.0000e+00,0.0000e+00,0.0000e+00,
 0.0000e+00,0.0000e+00,0.0000e+00,0.0000e+00]
      easy_incorrect_hist: [0.0000e+00,0.0000e+00,0.0000e+00,0.0000e+00,0.0000e+00,0.0000e+00,
 0.0000e+00,1.8519e-05,1.1111e-04,2.7778e-04,7.5926e-04,1.2778e-03,
 2.9074e-03,5.3333e-03,8.7963e-03,1.2685e-02,2.0074e-02,2.6019e-02,
 3.2296e-02,3.6296e-02,4.0296e-02,3.9056e-02,3.7093e-02,3.4074e-02,
 3.1167e-02,2.6407e-02,2.2870e-02,2.1148e-02,1.9741e-02,1.7981e-02,
 1.7907e-02,1.7574e-02,1.5074e-02,1.6296e-02,1.9907e-02,2.9074e-02,
 3.6926e-02,4.0796e-02,3.9481e-02,3.7630e-02,3.2111e-02,2.7907e-02,
 2.2741e-02,1.9259e-02,1.7611e-02,1.4593e-02,1.3463e-02,1.0167e-02,
 9.2963e-03,8.3519e-03,5.5370e-03,4.4815e-03,3.5370e-03,2.8704e-03,
 1.7963e-03,1.1296e-03,9.4444e-04,7.2222e-04,4.0741e-04,1.6667e-04,
 7.4074e-05,1.1111e-04,3.7037e-05,5.5556e-05]
      medium_correct_hist: [0.0004,0.0002,0.0004,0.0002,0.0002,0.0009,0.0016,0.0018,0.0027,0.0049,
 0.0036,0.0053,0.0084,0.0093,0.0098,0.0109,0.0076,0.0093,0.008 ,0.006 ,
 0.0044,0.0016,0.0002,0.    ,0.    ,0.    ,0.    ,0.    ,0.    ,0.    ,
 0.    ,0.    ,0.    ,0.    ,0.    ,0.    ,0.    ,0.    ,0.    ,0.    ,
 0.    ,0.    ,0.    ,0.    ,0.    ,0.    ,0.    ,0.    ,0.    ,0.    ,
 0.    ,0.    ,0.    ,0.    ,0.    ,0.    ,0.    ,0.    ,0.    ,0.    ,
 0.    ,0.    ,0.    ,0.    ]
      medium_incorrect_hist: [0.    ,0.    ,0.    ,0.    ,0.    ,0.    ,0.    ,0.0002,0.    ,0.    ,
 0.0009,0.0018,0.0049,0.0051,0.0084,0.0142,0.0176,0.0204,0.0271,0.0311,
 0.0336,0.0276,0.0416,0.0322,0.0304,0.0296,0.0242,0.018 ,0.02  ,0.0184,
 0.0142,0.0144,0.0164,0.0136,0.0149,0.0156,0.0202,0.0282,0.0338,0.0338,
 0.0356,0.0376,0.0298,0.0276,0.024 ,0.0184,0.0167,0.0153,0.0171,0.0136,
 0.0089,0.0096,0.0078,0.0062,0.0069,0.0036,0.0027,0.002 ,0.0022,0.0018,
 0.0007,0.0013,0.0002,0.0004]
      hard_correct_hist: [0.002 ,0.    ,0.0007,0.0013,0.002 ,0.0047,0.0047,0.0027,0.0053,0.0073,
 0.0067,0.01  ,0.0133,0.0093,0.0067,0.0107,0.0067,0.0033,0.0067,0.0013,
 0.    ,0.    ,0.    ,0.    ,0.    ,0.    ,0.    ,0.    ,0.    ,0.    ,
 0.    ,0.    ,0.    ,0.    ,0.    ,0.    ,0.    ,0.    ,0.    ,0.    ,
 0.    ,0.    ,0.    ,0.    ,0.    ,0.    ,0.    ,0.    ,0.    ,0.    ,
 0.    ,0.    ,0.    ,0.    ,0.    ,0.    ,0.    ,0.    ,0.    ,0.    ,
 0.    ,0.    ,0.    ,0.    ]
      hard_incorrect_hist: [0.    ,0.    ,0.    ,0.    ,0.    ,0.0007,0.    ,0.0013,0.0007,0.0033,
 0.002 ,0.0053,0.0107,0.008 ,0.01  ,0.018 ,0.0213,0.0253,0.024 ,0.0373,
 0.028 ,0.0387,0.022 ,0.0393,0.0227,0.0233,0.0193,0.0207,0.0167,0.0127,
 0.02  ,0.0153,0.0153,0.0113,0.0133,0.0147,0.016 ,0.0113,0.0213,0.0233,
 0.036 ,0.0353,0.032 ,0.0307,0.0247,0.0267,0.0187,0.0147,0.0133,0.0147,
 0.01  ,0.01  ,0.0093,0.0067,0.0087,0.0067,0.006 ,0.0033,0.0013,0.004 ,
 0.0033,0.002 ,0.002 ,0.0013]
      relative_sizes: [0.9  ,0.075,0.025]
      extra: [0.,1.]
    Action breakdown:
      Learning Rate: 0.1000
      Mixing Ratios: [1.,0.,0.]
      Sample Usage Fraction: 0.1289
  Phase 2 (Reward: 90.51049382716049):
    State breakdown:
      easy_correct_hist: [0.7062,0.0787,0.0016,0.    ,0.    ,0.    ,0.    ,0.    ,0.    ,0.    ,
 0.    ,0.    ,0.    ,0.    ,0.    ,0.    ,0.    ,0.    ,0.    ,0.    ,
 0.    ,0.    ,0.    ,0.    ,0.    ,0.    ,0.    ,0.    ,0.    ,0.    ,
 0.    ,0.    ,0.    ,0.    ,0.    ,0.    ,0.    ,0.    ,0.    ,0.    ,
 0.    ,0.    ,0.    ,0.    ,0.    ,0.    ,0.    ,0.    ,0.    ,0.    ,
 0.    ,0.    ,0.    ,0.    ,0.    ,0.    ,0.    ,0.    ,0.    ,0.    ,
 0.    ,0.    ,0.    ,0.    ]
      easy_incorrect_hist: [0.0000e+00,1.1852e-02,5.7000e-02,6.8722e-02,1.5815e-02,1.5500e-02,
 1.5037e-02,6.9630e-03,4.8704e-03,3.6667e-03,2.3333e-03,2.1852e-03,
 1.6667e-03,1.3519e-03,1.0926e-03,1.0741e-03,6.4815e-04,4.4444e-04,
 4.4444e-04,6.4815e-04,4.2593e-04,3.8889e-04,3.1481e-04,1.2963e-04,
 1.6667e-04,1.4815e-04,7.4074e-05,1.1111e-04,3.7037e-05,3.7037e-05,
 3.7037e-05,9.2593e-05,0.0000e+00,3.7037e-05,5.5556e-05,1.8519e-05,
 0.0000e+00,1.8519e-05,1.8519e-05,1.8519e-05,1.8519e-05,1.8519e-05,
 1.8519e-05,1.8519e-05,1.8519e-05,0.0000e+00,0.0000e+00,0.0000e+00,
 0.0000e+00,0.0000e+00,1.8519e-05,0.0000e+00,0.0000e+00,0.0000e+00,
 0.0000e+00,0.0000e+00,0.0000e+00,0.0000e+00,1.8519e-05,0.0000e+00,
 0.0000e+00,0.0000e+00,0.0000e+00,1.8519e-05]
      medium_correct_hist: [0.668 ,0.0302,0.0167,0.0647,0.0009,0.    ,0.    ,0.    ,0.    ,0.    ,
 0.    ,0.    ,0.    ,0.    ,0.    ,0.    ,0.    ,0.    ,0.    ,0.    ,
 0.    ,0.    ,0.    ,0.    ,0.    ,0.    ,0.    ,0.    ,0.    ,0.    ,
 0.    ,0.    ,0.    ,0.    ,0.    ,0.    ,0.    ,0.    ,0.    ,0.    ,
 0.    ,0.    ,0.    ,0.    ,0.    ,0.    ,0.    ,0.    ,0.    ,0.    ,
 0.    ,0.    ,0.    ,0.    ,0.    ,0.    ,0.    ,0.    ,0.    ,0.    ,
 0.    ,0.    ,0.    ,0.    ]
      medium_incorrect_hist: [0.    ,0.    ,0.0031,0.0093,0.0198,0.0384,0.0591,0.012 ,0.0089,0.0104,
 0.0102,0.0051,0.0069,0.0064,0.0031,0.0033,0.0024,0.0013,0.0016,0.0007,
 0.0013,0.0011,0.0013,0.0022,0.0013,0.0007,0.0007,0.0002,0.0007,0.0009,
 0.0004,0.0009,0.0007,0.0004,0.    ,0.0002,0.0004,0.    ,0.0002,0.0002,
 0.0002,0.0004,0.    ,0.0007,0.0004,0.    ,0.0002,0.    ,0.0002,0.    ,
 0.    ,0.0002,0.0002,0.    ,0.0002,0.    ,0.    ,0.    ,0.    ,0.    ,
 0.    ,0.0002,0.    ,0.0002]
      hard_correct_hist: [0.6627,0.038 ,0.0207,0.0107,0.0533,0.0007,0.    ,0.    ,0.    ,0.    ,
 0.    ,0.    ,0.    ,0.    ,0.    ,0.    ,0.    ,0.    ,0.    ,0.    ,
 0.    ,0.    ,0.    ,0.    ,0.    ,0.    ,0.    ,0.    ,0.    ,0.    ,
 0.    ,0.    ,0.    ,0.    ,0.    ,0.    ,0.    ,0.    ,0.    ,0.    ,
 0.    ,0.    ,0.    ,0.    ,0.    ,0.    ,0.    ,0.    ,0.    ,0.    ,
 0.    ,0.    ,0.    ,0.    ,0.    ,0.    ,0.    ,0.    ,0.    ,0.    ,
 0.    ,0.    ,0.    ,0.    ]
      hard_incorrect_hist: [0.    ,0.    ,0.0033,0.0033,0.0107,0.0193,0.0307,0.0573,0.0127,0.008 ,
 0.004 ,0.0127,0.0027,0.004 ,0.004 ,0.006 ,0.004 ,0.0047,0.004 ,0.0013,
 0.0033,0.0013,0.002 ,0.0007,0.0007,0.0013,0.    ,0.0007,0.    ,0.0007,
 0.0013,0.0007,0.    ,0.002 ,0.0007,0.    ,0.    ,0.    ,0.0007,0.0007,
 0.0007,0.    ,0.    ,0.    ,0.    ,0.    ,0.0007,0.0007,0.    ,0.    ,
 0.    ,0.0007,0.    ,0.0007,0.    ,0.    ,0.    ,0.0007,0.    ,0.    ,
 0.    ,0.    ,0.    ,0.0007]
      relative_sizes: [0.9  ,0.075,0.025]
      extra: [0.3333,0.8711]
    Action breakdown:
      Learning Rate: 0.0678
      Mixing Ratios: [0.6824,0.0384,0.2793]
      Sample Usage Fraction: 0.1456
  Phase 3 (Reward: 927.9135802469136):
    State breakdown:
      easy_correct_hist: [0.9058,0.0011,0.    ,0.    ,0.    ,0.    ,0.    ,0.    ,0.    ,0.    ,
 0.    ,0.    ,0.    ,0.    ,0.    ,0.    ,0.    ,0.    ,0.    ,0.    ,
 0.    ,0.    ,0.    ,0.    ,0.    ,0.    ,0.    ,0.    ,0.    ,0.    ,
 0.    ,0.    ,0.    ,0.    ,0.    ,0.    ,0.    ,0.    ,0.    ,0.    ,
 0.    ,0.    ,0.    ,0.    ,0.    ,0.    ,0.    ,0.    ,0.    ,0.    ,
 0.    ,0.    ,0.    ,0.    ,0.    ,0.    ,0.    ,0.    ,0.    ,0.    ,
 0.    ,0.    ,0.    ,0.    ]
      easy_incorrect_hist: [1.0500e-02,2.8611e-02,1.8296e-02,1.3741e-02,8.3889e-03,5.2778e-03,
 2.4815e-03,1.4444e-03,1.3889e-03,6.2963e-04,6.2963e-04,2.9630e-04,
 3.3333e-04,1.4815e-04,1.8519e-04,7.4074e-05,1.1111e-04,1.2963e-04,
 1.2963e-04,1.8519e-05,3.7037e-05,1.8519e-05,5.5556e-05,1.8519e-05,
 1.8519e-05,5.5556e-05,3.7037e-05,0.0000e+00,1.8519e-05,0.0000e+00,
 0.0000e+00,0.0000e+00,1.8519e-05,0.0000e+00,0.0000e+00,1.8519e-05,
 0.0000e+00,0.0000e+00,0.0000e+00,0.0000e+00,0.0000e+00,0.0000e+00,
 0.0000e+00,0.0000e+00,0.0000e+00,0.0000e+00,0.0000e+00,0.0000e+00,
 0.0000e+00,0.0000e+00,0.0000e+00,0.0000e+00,0.0000e+00,0.0000e+00,
 0.0000e+00,0.0000e+00,0.0000e+00,0.0000e+00,0.0000e+00,0.0000e+00,
 0.0000e+00,0.0000e+00,0.0000e+00,1.8519e-05]
      medium_correct_hist: [8.5867e-01,4.0889e-02,6.2222e-03,6.6667e-04,0.0000e+00,0.0000e+00,
 0.0000e+00,0.0000e+00,0.0000e+00,0.0000e+00,0.0000e+00,0.0000e+00,
 0.0000e+00,0.0000e+00,0.0000e+00,0.0000e+00,0.0000e+00,0.0000e+00,
 0.0000e+00,0.0000e+00,0.0000e+00,0.0000e+00,0.0000e+00,0.0000e+00,
 0.0000e+00,0.0000e+00,0.0000e+00,0.0000e+00,0.0000e+00,0.0000e+00,
 0.0000e+00,0.0000e+00,0.0000e+00,0.0000e+00,0.0000e+00,0.0000e+00,
 0.0000e+00,0.0000e+00,0.0000e+00,0.0000e+00,0.0000e+00,0.0000e+00,
 0.0000e+00,0.0000e+00,0.0000e+00,0.0000e+00,0.0000e+00,0.0000e+00,
 0.0000e+00,0.0000e+00,0.0000e+00,0.0000e+00,0.0000e+00,0.0000e+00,
 0.0000e+00,0.0000e+00,0.0000e+00,0.0000e+00,0.0000e+00,0.0000e+00,
 0.0000e+00,0.0000e+00,0.0000e+00,0.0000e+00]
      medium_incorrect_hist: [0.    ,0.0011,0.0091,0.0116,0.0102,0.0076,0.0056,0.0049,0.0064,0.0087,
 0.0031,0.0031,0.0022,0.0027,0.0031,0.0011,0.002 ,0.0009,0.0013,0.0004,
 0.0007,0.0011,0.0011,0.0007,0.    ,0.0009,0.0007,0.0002,0.0004,0.0004,
 0.0002,0.0002,0.0007,0.    ,0.0002,0.    ,0.    ,0.    ,0.    ,0.    ,
 0.    ,0.    ,0.    ,0.    ,0.    ,0.    ,0.    ,0.    ,0.    ,0.    ,
 0.    ,0.    ,0.    ,0.    ,0.    ,0.    ,0.0002,0.0002,0.    ,0.    ,
 0.    ,0.0002,0.    ,0.0002]
      hard_correct_hist: [0.8667,0.0307,0.0047,0.    ,0.    ,0.    ,0.    ,0.    ,0.    ,0.    ,
 0.    ,0.    ,0.    ,0.    ,0.    ,0.    ,0.    ,0.    ,0.    ,0.    ,
 0.    ,0.    ,0.    ,0.    ,0.    ,0.    ,0.    ,0.    ,0.    ,0.    ,
 0.    ,0.    ,0.    ,0.    ,0.    ,0.    ,0.    ,0.    ,0.    ,0.    ,
 0.    ,0.    ,0.    ,0.    ,0.    ,0.    ,0.    ,0.    ,0.    ,0.    ,
 0.    ,0.    ,0.    ,0.    ,0.    ,0.    ,0.    ,0.    ,0.    ,0.    ,
 0.    ,0.    ,0.    ,0.    ]
      hard_incorrect_hist: [0.    ,0.0053,0.0133,0.012 ,0.0147,0.0047,0.006 ,0.0113,0.0013,0.0073,
 0.0027,0.0047,0.0013,0.0013,0.0027,0.0007,0.0007,0.0007,0.002 ,0.    ,
 0.    ,0.0007,0.    ,0.0013,0.0007,0.    ,0.    ,0.0007,0.    ,0.    ,
 0.    ,0.    ,0.    ,0.    ,0.    ,0.    ,0.    ,0.    ,0.    ,0.    ,
 0.    ,0.    ,0.0007,0.    ,0.    ,0.    ,0.    ,0.    ,0.0007,0.    ,
 0.    ,0.    ,0.    ,0.    ,0.    ,0.    ,0.    ,0.    ,0.    ,0.    ,
 0.    ,0.    ,0.    ,0.0007]
      relative_sizes: [0.9  ,0.075,0.025]
      extra: [0.6667,0.7443]
    Action breakdown:
      Learning Rate: 0.0715
      Mixing Ratios: [0.7063,0.0068,0.2869]
      Sample Usage Fraction: 0.2563

Episode 837 - Total Reward: 1096.9524691358024, Length: 3
  Phase 1 (Reward: 12.12777777777778):
    State breakdown:
      easy_correct_hist: [7.4074e-05,5.5556e-05,9.2593e-05,3.1481e-04,4.4444e-04,1.0926e-03,
 1.5741e-03,2.7407e-03,3.5000e-03,4.4444e-03,6.3704e-03,7.1111e-03,
 8.4815e-03,9.1111e-03,9.5185e-03,8.4259e-03,6.4074e-03,5.5556e-03,
 3.9259e-03,2.7963e-03,1.6481e-03,6.8519e-04,3.8889e-04,9.2593e-05,
 1.8519e-05,1.8519e-05,0.0000e+00,0.0000e+00,0.0000e+00,0.0000e+00,
 0.0000e+00,0.0000e+00,0.0000e+00,0.0000e+00,0.0000e+00,0.0000e+00,
 0.0000e+00,0.0000e+00,0.0000e+00,0.0000e+00,0.0000e+00,0.0000e+00,
 0.0000e+00,0.0000e+00,0.0000e+00,0.0000e+00,0.0000e+00,0.0000e+00,
 0.0000e+00,0.0000e+00,0.0000e+00,0.0000e+00,0.0000e+00,0.0000e+00,
 0.0000e+00,0.0000e+00,0.0000e+00,0.0000e+00,0.0000e+00,0.0000e+00,
 0.0000e+00,0.0000e+00,0.0000e+00,0.0000e+00]
      easy_incorrect_hist: [0.0000e+00,0.0000e+00,0.0000e+00,0.0000e+00,0.0000e+00,0.0000e+00,
 1.8519e-05,1.8519e-05,3.7037e-05,5.5556e-05,7.4074e-05,2.2222e-04,
 4.4444e-04,7.4074e-04,8.5185e-04,1.7963e-03,3.0000e-03,5.0185e-03,
 7.9444e-03,1.1074e-02,1.5352e-02,1.9185e-02,2.3370e-02,2.7833e-02,
 3.1481e-02,3.6537e-02,3.9944e-02,4.2611e-02,4.3463e-02,4.5593e-02,
 4.4870e-02,4.4778e-02,4.7093e-02,4.6185e-02,4.4352e-02,4.2963e-02,
 4.0278e-02,3.7537e-02,3.4778e-02,3.1444e-02,2.4870e-02,2.3889e-02,
 1.9815e-02,1.5389e-02,1.3222e-02,1.1111e-02,8.2593e-03,7.7222e-03,
 5.7778e-03,4.2037e-03,3.4074e-03,2.6852e-03,1.4444e-03,1.1481e-03,
 5.7407e-04,2.9630e-04,2.0370e-04,7.4074e-05,1.8519e-05,1.8519e-05,
 1.8519e-05,0.0000e+00,0.0000e+00,1.8519e-05]
      medium_correct_hist: [0.0004,0.    ,0.    ,0.    ,0.0004,0.002 ,0.0018,0.0022,0.0038,0.006 ,
 0.0062,0.0067,0.0056,0.0064,0.0071,0.0078,0.0073,0.0064,0.0049,0.0027,
 0.0029,0.0029,0.0004,0.0007,0.    ,0.0004,0.    ,0.    ,0.    ,0.    ,
 0.    ,0.    ,0.    ,0.    ,0.    ,0.    ,0.    ,0.    ,0.    ,0.    ,
 0.    ,0.    ,0.    ,0.    ,0.    ,0.    ,0.    ,0.    ,0.    ,0.    ,
 0.    ,0.    ,0.    ,0.    ,0.    ,0.    ,0.    ,0.    ,0.    ,0.    ,
 0.    ,0.    ,0.    ,0.    ]
      medium_incorrect_hist: [0.    ,0.    ,0.    ,0.    ,0.    ,0.    ,0.    ,0.    ,0.    ,0.    ,
 0.    ,0.0002,0.0002,0.0007,0.0007,0.0016,0.0022,0.0018,0.0031,0.0058,
 0.0078,0.0104,0.0133,0.0178,0.0207,0.0207,0.0291,0.0329,0.0331,0.0431,
 0.0378,0.0347,0.0389,0.0373,0.0467,0.0387,0.0471,0.0333,0.042 ,0.0384,
 0.0342,0.0296,0.0278,0.0269,0.0253,0.0209,0.0204,0.0169,0.012 ,0.0158,
 0.0078,0.0078,0.0064,0.0069,0.0031,0.0022,0.0027,0.0036,0.0013,0.0007,
 0.0011,0.0007,0.0004,0.0004]
      hard_correct_hist: [0.0007,0.    ,0.    ,0.0013,0.0033,0.0007,0.0033,0.0027,0.002 ,0.004 ,
 0.008 ,0.0033,0.0067,0.008 ,0.008 ,0.0073,0.0047,0.0047,0.004 ,0.0047,
 0.0033,0.004 ,0.0013,0.    ,0.    ,0.    ,0.    ,0.    ,0.    ,0.    ,
 0.    ,0.    ,0.    ,0.    ,0.    ,0.    ,0.    ,0.    ,0.    ,0.    ,
 0.    ,0.    ,0.    ,0.    ,0.    ,0.    ,0.    ,0.    ,0.    ,0.    ,
 0.    ,0.    ,0.    ,0.    ,0.    ,0.    ,0.    ,0.    ,0.    ,0.    ,
 0.    ,0.    ,0.    ,0.    ]
      hard_incorrect_hist: [0.    ,0.    ,0.    ,0.    ,0.    ,0.    ,0.    ,0.    ,0.    ,0.    ,
 0.    ,0.    ,0.    ,0.    ,0.002 ,0.0007,0.002 ,0.0027,0.002 ,0.0053,
 0.0087,0.0067,0.0167,0.0173,0.028 ,0.0193,0.02  ,0.0273,0.0347,0.026 ,
 0.034 ,0.026 ,0.0307,0.0407,0.0447,0.0327,0.04  ,0.04  ,0.034 ,0.0367,
 0.0287,0.0413,0.0287,0.0327,0.0313,0.0273,0.0293,0.0207,0.018 ,0.012 ,
 0.0107,0.006 ,0.0067,0.0087,0.0073,0.002 ,0.006 ,0.0047,0.0053,0.004 ,
 0.0013,0.0007,0.0013,0.0007]
      relative_sizes: [0.9  ,0.075,0.025]
      extra: [0.,1.]
    Action breakdown:
      Learning Rate: 0.0010
      Mixing Ratios: [0.9942,0.    ,0.0058]
      Sample Usage Fraction: 0.0000
  Phase 2 (Reward: 98.21358024691358):
    State breakdown:
      easy_correct_hist: [3.7037e-05,0.0000e+00,1.1111e-04,2.5926e-04,4.6296e-04,5.7407e-04,
 7.2222e-04,1.0741e-03,2.0185e-03,2.4630e-03,2.9444e-03,3.4259e-03,
 4.4074e-03,4.8889e-03,6.9630e-03,7.5000e-03,7.2222e-03,8.2778e-03,
 8.1481e-03,8.0741e-03,7.5000e-03,6.9815e-03,5.7963e-03,6.2222e-03,
 4.5370e-03,3.5741e-03,3.6111e-03,3.2407e-03,3.5000e-03,2.8148e-03,
 1.6852e-03,1.0556e-03,3.1481e-04,9.2593e-05,0.0000e+00,0.0000e+00,
 0.0000e+00,0.0000e+00,0.0000e+00,0.0000e+00,0.0000e+00,0.0000e+00,
 0.0000e+00,0.0000e+00,0.0000e+00,0.0000e+00,0.0000e+00,0.0000e+00,
 0.0000e+00,0.0000e+00,0.0000e+00,0.0000e+00,0.0000e+00,0.0000e+00,
 0.0000e+00,0.0000e+00,0.0000e+00,0.0000e+00,0.0000e+00,0.0000e+00,
 0.0000e+00,0.0000e+00,0.0000e+00,0.0000e+00]
      easy_incorrect_hist: [0.0000e+00,0.0000e+00,0.0000e+00,0.0000e+00,0.0000e+00,0.0000e+00,
 0.0000e+00,0.0000e+00,0.0000e+00,0.0000e+00,0.0000e+00,0.0000e+00,
 0.0000e+00,0.0000e+00,0.0000e+00,0.0000e+00,0.0000e+00,0.0000e+00,
 3.7037e-05,1.8519e-04,2.7778e-04,5.3704e-04,1.1481e-03,2.0370e-03,
 3.6111e-03,5.3519e-03,8.1296e-03,1.1889e-02,1.6778e-02,2.4444e-02,
 3.1593e-02,3.9759e-02,5.0741e-02,5.6463e-02,6.2352e-02,6.3537e-02,
 6.4370e-02,6.5889e-02,5.7519e-02,4.9963e-02,4.4741e-02,3.6222e-02,
 2.8963e-02,2.5130e-02,2.0685e-02,1.7019e-02,1.5148e-02,1.3333e-02,
 1.1074e-02,9.9444e-03,8.2778e-03,7.3519e-03,6.2222e-03,5.0185e-03,
 4.6111e-03,3.3889e-03,2.3704e-03,1.3704e-03,9.4444e-04,5.9259e-04,
 2.5926e-04,1.8519e-04,1.8519e-05,1.8519e-05]
      medium_correct_hist: [0.0004,0.0002,0.0002,0.0007,0.0013,0.0024,0.0018,0.0024,0.0018,0.0036,
 0.0042,0.0062,0.0027,0.0051,0.0069,0.008 ,0.008 ,0.0071,0.0084,0.0071,
 0.0084,0.0058,0.0053,0.0024,0.0029,0.0031,0.0038,0.0044,0.0029,0.0024,
 0.0013,0.0004,0.0007,0.    ,0.    ,0.    ,0.    ,0.    ,0.    ,0.    ,
 0.    ,0.    ,0.    ,0.    ,0.    ,0.    ,0.    ,0.    ,0.    ,0.    ,
 0.    ,0.    ,0.    ,0.    ,0.    ,0.    ,0.    ,0.    ,0.    ,0.    ,
 0.    ,0.    ,0.    ,0.    ]
      medium_incorrect_hist: [0.    ,0.    ,0.    ,0.    ,0.    ,0.    ,0.    ,0.    ,0.    ,0.    ,
 0.    ,0.    ,0.    ,0.    ,0.    ,0.    ,0.    ,0.    ,0.0002,0.0004,
 0.0007,0.0007,0.0016,0.004 ,0.0024,0.0073,0.0124,0.0142,0.0204,0.0264,
 0.0349,0.0407,0.048 ,0.0551,0.0536,0.0596,0.0569,0.0602,0.0531,0.0433,
 0.0444,0.0376,0.0342,0.0247,0.0222,0.0191,0.0147,0.0116,0.0129,0.0091,
 0.0076,0.0078,0.0058,0.0067,0.0049,0.0049,0.0044,0.0022,0.0027,0.0018,
 0.0007,0.0007,0.0004,0.0002]
      hard_correct_hist: [0.0007,0.    ,0.0013,0.0007,0.0007,0.002 ,0.0053,0.002 ,0.0033,0.0053,
 0.0027,0.0053,0.0047,0.0053,0.0113,0.0067,0.006 ,0.0033,0.006 ,0.0073,
 0.0047,0.0033,0.0033,0.0047,0.0067,0.0053,0.0033,0.0033,0.0027,0.0027,
 0.    ,0.0007,0.    ,0.    ,0.    ,0.    ,0.    ,0.    ,0.    ,0.    ,
 0.    ,0.    ,0.    ,0.    ,0.    ,0.    ,0.    ,0.    ,0.    ,0.    ,
 0.    ,0.    ,0.    ,0.    ,0.    ,0.    ,0.    ,0.    ,0.    ,0.    ,
 0.    ,0.    ,0.    ,0.    ]
      hard_incorrect_hist: [0.    ,0.    ,0.    ,0.    ,0.    ,0.    ,0.    ,0.    ,0.    ,0.    ,
 0.    ,0.    ,0.    ,0.    ,0.    ,0.    ,0.    ,0.    ,0.0013,0.0013,
 0.    ,0.    ,0.002 ,0.006 ,0.0053,0.0073,0.0087,0.012 ,0.018 ,0.0193,
 0.0267,0.0373,0.0473,0.0467,0.0587,0.062 ,0.062 ,0.0607,0.0513,0.04  ,
 0.042 ,0.036 ,0.034 ,0.02  ,0.026 ,0.0173,0.0153,0.0167,0.016 ,0.0133,
 0.0147,0.014 ,0.0073,0.008 ,0.0033,0.0033,0.0067,0.0007,0.0033,0.002 ,
 0.0027,0.0013,0.0007,0.0007]
      relative_sizes: [0.9  ,0.075,0.025]
      extra: [0.3333,0.9996]
    Action breakdown:
      Learning Rate: 0.0191
      Mixing Ratios: [0.    ,0.7672,0.2328]
      Sample Usage Fraction: 0.5705
  Phase 3 (Reward: 986.6111111111111):
    State breakdown:
      easy_correct_hist: [9.4200e-01,6.0370e-03,1.4815e-04,0.0000e+00,0.0000e+00,0.0000e+00,
 0.0000e+00,0.0000e+00,0.0000e+00,0.0000e+00,0.0000e+00,0.0000e+00,
 0.0000e+00,0.0000e+00,0.0000e+00,0.0000e+00,0.0000e+00,0.0000e+00,
 0.0000e+00,0.0000e+00,0.0000e+00,0.0000e+00,0.0000e+00,0.0000e+00,
 0.0000e+00,0.0000e+00,0.0000e+00,0.0000e+00,0.0000e+00,0.0000e+00,
 0.0000e+00,0.0000e+00,0.0000e+00,0.0000e+00,0.0000e+00,0.0000e+00,
 0.0000e+00,0.0000e+00,0.0000e+00,0.0000e+00,0.0000e+00,0.0000e+00,
 0.0000e+00,0.0000e+00,0.0000e+00,0.0000e+00,0.0000e+00,0.0000e+00,
 0.0000e+00,0.0000e+00,0.0000e+00,0.0000e+00,0.0000e+00,0.0000e+00,
 0.0000e+00,0.0000e+00,0.0000e+00,0.0000e+00,0.0000e+00,0.0000e+00,
 0.0000e+00,0.0000e+00,0.0000e+00,0.0000e+00]
      easy_incorrect_hist: [0.0000e+00,5.3519e-03,7.1481e-03,5.3333e-03,4.0741e-03,3.8519e-03,
 2.9074e-03,2.7778e-03,2.5000e-03,2.3333e-03,1.7963e-03,1.3889e-03,
 1.6296e-03,1.0926e-03,1.1111e-03,1.1667e-03,8.8889e-04,8.7037e-04,
 8.8889e-04,5.3704e-04,5.7407e-04,5.3704e-04,3.7037e-04,2.4074e-04,
 4.2593e-04,2.9630e-04,1.8519e-04,2.5926e-04,1.2963e-04,2.2222e-04,
 1.1111e-04,1.1111e-04,5.5556e-05,7.4074e-05,5.5556e-05,1.8519e-05,
 7.4074e-05,1.8519e-05,3.7037e-05,9.2593e-05,3.7037e-05,1.8519e-05,
 1.8519e-05,1.8519e-05,0.0000e+00,1.8519e-05,1.8519e-05,1.8519e-05,
 1.8519e-05,3.7037e-05,0.0000e+00,0.0000e+00,0.0000e+00,1.8519e-05,
 1.8519e-05,0.0000e+00,1.8519e-05,0.0000e+00,0.0000e+00,0.0000e+00,
 0.0000e+00,0.0000e+00,0.0000e+00,1.8519e-05]
      medium_correct_hist: [9.9800e-01,1.3333e-03,2.2222e-04,0.0000e+00,0.0000e+00,0.0000e+00,
 0.0000e+00,0.0000e+00,0.0000e+00,0.0000e+00,0.0000e+00,0.0000e+00,
 0.0000e+00,0.0000e+00,0.0000e+00,0.0000e+00,0.0000e+00,0.0000e+00,
 0.0000e+00,0.0000e+00,0.0000e+00,0.0000e+00,0.0000e+00,0.0000e+00,
 0.0000e+00,0.0000e+00,0.0000e+00,0.0000e+00,0.0000e+00,0.0000e+00,
 0.0000e+00,0.0000e+00,0.0000e+00,0.0000e+00,0.0000e+00,0.0000e+00,
 0.0000e+00,0.0000e+00,0.0000e+00,0.0000e+00,0.0000e+00,0.0000e+00,
 0.0000e+00,0.0000e+00,0.0000e+00,0.0000e+00,0.0000e+00,0.0000e+00,
 0.0000e+00,0.0000e+00,0.0000e+00,0.0000e+00,0.0000e+00,0.0000e+00,
 0.0000e+00,0.0000e+00,0.0000e+00,0.0000e+00,0.0000e+00,0.0000e+00,
 0.0000e+00,0.0000e+00,0.0000e+00,0.0000e+00]
      medium_incorrect_hist: [0.    ,0.    ,0.    ,0.    ,0.    ,0.    ,0.    ,0.    ,0.    ,0.0002,
 0.    ,0.    ,0.    ,0.    ,0.    ,0.    ,0.    ,0.    ,0.    ,0.    ,
 0.    ,0.    ,0.    ,0.    ,0.    ,0.    ,0.    ,0.    ,0.    ,0.    ,
 0.    ,0.    ,0.    ,0.    ,0.    ,0.    ,0.    ,0.    ,0.    ,0.    ,
 0.    ,0.    ,0.    ,0.    ,0.    ,0.    ,0.    ,0.    ,0.    ,0.    ,
 0.    ,0.    ,0.    ,0.    ,0.    ,0.    ,0.    ,0.    ,0.    ,0.    ,
 0.    ,0.    ,0.    ,0.0002]
      hard_correct_hist: [9.4600e-01,2.0667e-02,9.3333e-03,6.0000e-03,3.3333e-03,2.0000e-03,
 2.0000e-03,2.0000e-03,6.6667e-04,6.6667e-04,0.0000e+00,1.3333e-03,
 0.0000e+00,1.3333e-03,0.0000e+00,0.0000e+00,0.0000e+00,0.0000e+00,
 6.6667e-04,0.0000e+00,0.0000e+00,6.6667e-04,0.0000e+00,0.0000e+00,
 6.6667e-04,0.0000e+00,0.0000e+00,0.0000e+00,0.0000e+00,0.0000e+00,
 0.0000e+00,0.0000e+00,0.0000e+00,0.0000e+00,0.0000e+00,0.0000e+00,
 0.0000e+00,0.0000e+00,6.6667e-04,0.0000e+00,6.6667e-04,0.0000e+00,
 0.0000e+00,0.0000e+00,0.0000e+00,0.0000e+00,0.0000e+00,0.0000e+00,
 0.0000e+00,0.0000e+00,0.0000e+00,0.0000e+00,0.0000e+00,0.0000e+00,
 0.0000e+00,0.0000e+00,0.0000e+00,0.0000e+00,0.0000e+00,0.0000e+00,
 0.0000e+00,0.0000e+00,0.0000e+00,0.0000e+00]
      hard_incorrect_hist: [0.    ,0.    ,0.    ,0.    ,0.    ,0.    ,0.    ,0.    ,0.    ,0.    ,
 0.    ,0.    ,0.    ,0.    ,0.    ,0.    ,0.    ,0.    ,0.    ,0.    ,
 0.    ,0.    ,0.    ,0.    ,0.    ,0.    ,0.    ,0.    ,0.    ,0.    ,
 0.    ,0.    ,0.    ,0.    ,0.    ,0.    ,0.    ,0.    ,0.    ,0.    ,
 0.    ,0.    ,0.    ,0.    ,0.    ,0.    ,0.    ,0.    ,0.    ,0.    ,
 0.    ,0.    ,0.    ,0.    ,0.    ,0.    ,0.0007,0.    ,0.    ,0.    ,
 0.    ,0.    ,0.    ,0.0007]
      relative_sizes: [0.9  ,0.075,0.025]
      extra: [0.6667,0.4293]
    Action breakdown:
      Learning Rate: 0.0010
      Mixing Ratios: [0.0931,0.    ,0.9069]
      Sample Usage Fraction: 0.7020

Episode 132 - Total Reward: 1097.470987654321, Length: 3
  Phase 1 (Reward: 91.80555555555556):
    State breakdown:
      easy_correct_hist: [1.8519e-05,3.7037e-05,0.0000e+00,1.4815e-04,1.4815e-04,2.5926e-04,
 4.6296e-04,9.8148e-04,1.0926e-03,1.6667e-03,2.4815e-03,3.3704e-03,
 4.9815e-03,5.6111e-03,6.8148e-03,7.7222e-03,7.3889e-03,7.4074e-03,
 5.7037e-03,4.5000e-03,3.8519e-03,2.2037e-03,1.1481e-03,3.3333e-04,
 1.2963e-04,0.0000e+00,0.0000e+00,0.0000e+00,0.0000e+00,0.0000e+00,
 0.0000e+00,0.0000e+00,0.0000e+00,0.0000e+00,0.0000e+00,0.0000e+00,
 0.0000e+00,0.0000e+00,0.0000e+00,0.0000e+00,0.0000e+00,0.0000e+00,
 0.0000e+00,0.0000e+00,0.0000e+00,0.0000e+00,0.0000e+00,0.0000e+00,
 0.0000e+00,0.0000e+00,0.0000e+00,0.0000e+00,0.0000e+00,0.0000e+00,
 0.0000e+00,0.0000e+00,0.0000e+00,0.0000e+00,0.0000e+00,0.0000e+00,
 0.0000e+00,0.0000e+00,0.0000e+00,0.0000e+00]
      easy_incorrect_hist: [0.0000e+00,0.0000e+00,0.0000e+00,0.0000e+00,0.0000e+00,0.0000e+00,
 0.0000e+00,1.8519e-05,5.5556e-05,1.1111e-04,1.8519e-04,6.2963e-04,
 1.5185e-03,1.7222e-03,2.7778e-03,4.6296e-03,7.3889e-03,9.7778e-03,
 1.3481e-02,1.7870e-02,2.2778e-02,2.8130e-02,3.2333e-02,3.7296e-02,
 4.1167e-02,4.1315e-02,4.1907e-02,4.2000e-02,4.2519e-02,3.9111e-02,
 3.6611e-02,3.5500e-02,3.3759e-02,3.2889e-02,3.1315e-02,3.0722e-02,
 2.9963e-02,2.8815e-02,3.0407e-02,2.8370e-02,2.8407e-02,2.4889e-02,
 2.2907e-02,2.0056e-02,1.6056e-02,1.4167e-02,1.2278e-02,9.5741e-03,
 8.5370e-03,6.7222e-03,5.0370e-03,4.2593e-03,3.2222e-03,2.5185e-03,
 1.8704e-03,1.3704e-03,7.2222e-04,8.1481e-04,4.6296e-04,2.7778e-04,
 1.4815e-04,9.2593e-05,0.0000e+00,7.4074e-05]
      medium_correct_hist: [0.0002,0.    ,0.0002,0.    ,0.0004,0.0009,0.0011,0.0013,0.0018,0.0031,
 0.0036,0.0053,0.0051,0.0051,0.0044,0.0064,0.0047,0.0067,0.0058,0.0033,
 0.0031,0.0022,0.0018,0.    ,0.    ,0.    ,0.    ,0.    ,0.    ,0.    ,
 0.    ,0.    ,0.    ,0.    ,0.    ,0.    ,0.    ,0.    ,0.    ,0.    ,
 0.    ,0.    ,0.    ,0.    ,0.    ,0.    ,0.    ,0.    ,0.    ,0.    ,
 0.    ,0.    ,0.    ,0.    ,0.    ,0.    ,0.    ,0.    ,0.    ,0.    ,
 0.    ,0.    ,0.    ,0.    ]
      medium_incorrect_hist: [0.    ,0.    ,0.    ,0.    ,0.    ,0.    ,0.    ,0.    ,0.    ,0.    ,
 0.0004,0.    ,0.0011,0.002 ,0.0029,0.0056,0.0109,0.0124,0.0171,0.0218,
 0.0227,0.026 ,0.0309,0.0327,0.0398,0.0391,0.042 ,0.0447,0.0456,0.0398,
 0.0349,0.0313,0.034 ,0.028 ,0.0351,0.03  ,0.028 ,0.0233,0.0284,0.026 ,
 0.0273,0.0247,0.0216,0.0193,0.0171,0.0133,0.0136,0.0091,0.0109,0.01  ,
 0.0062,0.0058,0.0047,0.0038,0.0033,0.0016,0.0011,0.0009,0.0004,0.0013,
 0.0002,0.0002,0.0002,0.0002]
      hard_correct_hist: [0.0013,0.0013,0.0033,0.    ,0.0033,0.0027,0.006 ,0.0027,0.0067,0.0067,
 0.0053,0.0093,0.0053,0.006 ,0.0047,0.0073,0.0013,0.002 ,0.0027,0.0007,
 0.    ,0.    ,0.    ,0.    ,0.    ,0.    ,0.    ,0.    ,0.    ,0.    ,
 0.    ,0.    ,0.    ,0.    ,0.    ,0.    ,0.    ,0.    ,0.    ,0.    ,
 0.    ,0.    ,0.    ,0.    ,0.    ,0.    ,0.    ,0.    ,0.    ,0.    ,
 0.    ,0.    ,0.    ,0.    ,0.    ,0.    ,0.    ,0.    ,0.    ,0.    ,
 0.    ,0.    ,0.    ,0.    ]
      hard_incorrect_hist: [0.    ,0.    ,0.0007,0.0007,0.    ,0.    ,0.0013,0.    ,0.0033,0.0007,
 0.004 ,0.0053,0.01  ,0.0113,0.0127,0.02  ,0.0207,0.0273,0.0227,0.0273,
 0.03  ,0.0313,0.0307,0.028 ,0.03  ,0.0313,0.042 ,0.026 ,0.02  ,0.0347,
 0.03  ,0.03  ,0.018 ,0.03  ,0.0213,0.0187,0.0207,0.0233,0.026 ,0.022 ,
 0.0267,0.02  ,0.018 ,0.0173,0.0147,0.018 ,0.02  ,0.0107,0.0093,0.0107,
 0.0087,0.0053,0.008 ,0.0053,0.0053,0.0027,0.0027,0.0007,0.0007,0.0013,
 0.0007,0.0007,0.0007,0.0013]
      relative_sizes: [0.9  ,0.075,0.025]
      extra: [0.,1.]
    Action breakdown:
      Learning Rate: 0.0028
      Mixing Ratios: [0.4996,0.    ,0.5004]
      Sample Usage Fraction: 0.1643
  Phase 2 (Reward: 78.1283950617284):
    State breakdown:
      easy_correct_hist: [8.0843e-01,6.9889e-02,2.9167e-02,9.0741e-03,1.7778e-03,2.7778e-04,
 0.0000e+00,0.0000e+00,0.0000e+00,0.0000e+00,0.0000e+00,0.0000e+00,
 0.0000e+00,0.0000e+00,0.0000e+00,0.0000e+00,0.0000e+00,0.0000e+00,
 0.0000e+00,0.0000e+00,0.0000e+00,0.0000e+00,0.0000e+00,0.0000e+00,
 0.0000e+00,0.0000e+00,0.0000e+00,0.0000e+00,0.0000e+00,0.0000e+00,
 0.0000e+00,0.0000e+00,0.0000e+00,0.0000e+00,0.0000e+00,0.0000e+00,
 0.0000e+00,0.0000e+00,0.0000e+00,0.0000e+00,0.0000e+00,0.0000e+00,
 0.0000e+00,0.0000e+00,0.0000e+00,0.0000e+00,0.0000e+00,0.0000e+00,
 0.0000e+00,0.0000e+00,0.0000e+00,0.0000e+00,0.0000e+00,0.0000e+00,
 0.0000e+00,0.0000e+00,0.0000e+00,0.0000e+00,0.0000e+00,0.0000e+00,
 0.0000e+00,0.0000e+00,0.0000e+00,0.0000e+00]
      easy_incorrect_hist: [0.0000e+00,0.0000e+00,2.2037e-03,1.1185e-02,1.2000e-02,9.7963e-03,
 7.3889e-03,5.9444e-03,4.5926e-03,4.8148e-03,3.6852e-03,2.6667e-03,
 2.7963e-03,1.7963e-03,1.9259e-03,1.4630e-03,1.1852e-03,9.6296e-04,
 9.0741e-04,9.0741e-04,8.1481e-04,5.1852e-04,4.8148e-04,5.1852e-04,
 2.4074e-04,4.2593e-04,3.1481e-04,2.2222e-04,2.9630e-04,2.0370e-04,
 9.2593e-05,1.2963e-04,1.2963e-04,9.2593e-05,7.4074e-05,3.7037e-05,
 9.2593e-05,5.5556e-05,5.5556e-05,3.7037e-05,3.7037e-05,5.5556e-05,
 5.5556e-05,1.8519e-05,0.0000e+00,1.8519e-05,3.7037e-05,0.0000e+00,
 1.8519e-05,3.7037e-05,0.0000e+00,1.8519e-05,0.0000e+00,0.0000e+00,
 0.0000e+00,1.8519e-05,0.0000e+00,0.0000e+00,0.0000e+00,0.0000e+00,
 0.0000e+00,0.0000e+00,0.0000e+00,1.8519e-05]
      medium_correct_hist: [0.7611,0.0751,0.0393,0.0222,0.0122,0.0036,0.0013,0.    ,0.    ,0.    ,
 0.    ,0.    ,0.    ,0.    ,0.    ,0.    ,0.    ,0.    ,0.    ,0.    ,
 0.    ,0.    ,0.    ,0.    ,0.    ,0.    ,0.    ,0.    ,0.    ,0.    ,
 0.    ,0.    ,0.    ,0.    ,0.    ,0.    ,0.    ,0.    ,0.    ,0.    ,
 0.    ,0.    ,0.    ,0.    ,0.    ,0.    ,0.    ,0.    ,0.    ,0.    ,
 0.    ,0.    ,0.    ,0.    ,0.    ,0.    ,0.    ,0.    ,0.    ,0.    ,
 0.    ,0.    ,0.    ,0.    ]
      medium_incorrect_hist: [0.    ,0.    ,0.    ,0.0004,0.0047,0.0107,0.0076,0.0062,0.0071,0.0038,
 0.0033,0.0044,0.0049,0.0033,0.002 ,0.0033,0.0029,0.0018,0.0009,0.0004,
 0.0009,0.0031,0.0009,0.0018,0.0011,0.0013,0.0004,0.0018,0.0002,0.0011,
 0.0004,0.0009,0.0002,0.0002,0.0002,0.    ,0.    ,0.0002,0.    ,0.0002,
 0.0004,0.    ,0.    ,0.0002,0.0004,0.    ,0.    ,0.    ,0.    ,0.    ,
 0.    ,0.    ,0.0004,0.0004,0.    ,0.    ,0.    ,0.    ,0.    ,0.    ,
 0.    ,0.    ,0.    ,0.0002]
      hard_correct_hist: [7.6867e-01,8.4000e-02,2.8000e-02,2.4000e-02,1.0000e-02,4.6667e-03,
 6.6667e-04,6.6667e-04,0.0000e+00,0.0000e+00,0.0000e+00,0.0000e+00,
 0.0000e+00,0.0000e+00,0.0000e+00,0.0000e+00,0.0000e+00,0.0000e+00,
 0.0000e+00,0.0000e+00,0.0000e+00,0.0000e+00,0.0000e+00,0.0000e+00,
 0.0000e+00,0.0000e+00,0.0000e+00,0.0000e+00,0.0000e+00,0.0000e+00,
 0.0000e+00,0.0000e+00,0.0000e+00,0.0000e+00,0.0000e+00,0.0000e+00,
 0.0000e+00,0.0000e+00,0.0000e+00,0.0000e+00,0.0000e+00,0.0000e+00,
 0.0000e+00,0.0000e+00,0.0000e+00,0.0000e+00,0.0000e+00,0.0000e+00,
 0.0000e+00,0.0000e+00,0.0000e+00,0.0000e+00,0.0000e+00,0.0000e+00,
 0.0000e+00,0.0000e+00,0.0000e+00,0.0000e+00,0.0000e+00,0.0000e+00,
 0.0000e+00,0.0000e+00,0.0000e+00,0.0000e+00]
      hard_incorrect_hist: [0.    ,0.    ,0.    ,0.0007,0.0073,0.0107,0.006 ,0.0067,0.004 ,0.004 ,
 0.0033,0.0047,0.0047,0.0013,0.0027,0.002 ,0.004 ,0.0007,0.0027,0.0033,
 0.    ,0.    ,0.    ,0.0007,0.0013,0.0007,0.    ,0.0013,0.    ,0.0007,
 0.    ,0.    ,0.    ,0.    ,0.0007,0.0007,0.0007,0.    ,0.0007,0.    ,
 0.    ,0.    ,0.    ,0.0007,0.    ,0.    ,0.    ,0.    ,0.0007,0.    ,
 0.    ,0.    ,0.    ,0.    ,0.0007,0.    ,0.    ,0.    ,0.    ,0.    ,
 0.0007,0.    ,0.    ,0.0007]
      relative_sizes: [0.9  ,0.075,0.025]
      extra: [0.3333,0.8357]
    Action breakdown:
      Learning Rate: 0.0523
      Mixing Ratios: [0.4941,0.2957,0.2102]
      Sample Usage Fraction: 0.0432
  Phase 3 (Reward: 927.5370370370371):
    State breakdown:
      easy_correct_hist: [0.5379,0.1483,0.0745,0.0136,0.003 ,0.0006,0.    ,0.    ,0.    ,0.    ,
 0.    ,0.    ,0.    ,0.    ,0.    ,0.    ,0.    ,0.    ,0.    ,0.    ,
 0.    ,0.    ,0.    ,0.    ,0.    ,0.    ,0.    ,0.    ,0.    ,0.    ,
 0.    ,0.    ,0.    ,0.    ,0.    ,0.    ,0.    ,0.    ,0.    ,0.    ,
 0.    ,0.    ,0.    ,0.    ,0.    ,0.    ,0.    ,0.    ,0.    ,0.    ,
 0.    ,0.    ,0.    ,0.    ,0.    ,0.    ,0.    ,0.    ,0.    ,0.    ,
 0.    ,0.    ,0.    ,0.    ]
      easy_incorrect_hist: [0.0000e+00,0.0000e+00,2.0833e-02,3.9685e-02,3.5630e-02,2.8481e-02,
 2.0648e-02,1.4500e-02,1.0296e-02,7.7593e-03,6.7778e-03,6.0185e-03,
 4.8148e-03,3.6481e-03,3.0370e-03,2.5556e-03,2.0926e-03,2.3148e-03,
 1.8148e-03,1.5185e-03,1.3519e-03,9.4444e-04,8.3333e-04,5.7407e-04,
 6.6667e-04,6.2963e-04,5.0000e-04,5.5556e-04,6.2963e-04,2.9630e-04,
 2.7778e-04,2.9630e-04,3.3333e-04,9.2593e-05,1.2963e-04,2.2222e-04,
 2.7778e-04,1.2963e-04,7.4074e-05,7.4074e-05,1.2963e-04,5.5556e-05,
 5.5556e-05,5.5556e-05,9.2593e-05,7.4074e-05,1.8519e-05,7.4074e-05,
 1.8519e-05,1.8519e-05,1.8519e-05,1.8519e-05,3.7037e-05,1.8519e-05,
 1.8519e-05,1.8519e-05,1.8519e-05,1.8519e-05,0.0000e+00,0.0000e+00,
 0.0000e+00,0.0000e+00,5.5556e-05,1.8519e-05]
      medium_correct_hist: [0.4716,0.1238,0.0902,0.0529,0.024 ,0.0087,0.0027,0.0007,0.0009,0.    ,
 0.    ,0.    ,0.    ,0.    ,0.    ,0.    ,0.    ,0.    ,0.    ,0.    ,
 0.    ,0.    ,0.    ,0.    ,0.    ,0.    ,0.    ,0.    ,0.    ,0.    ,
 0.    ,0.    ,0.    ,0.    ,0.    ,0.    ,0.    ,0.    ,0.    ,0.    ,
 0.    ,0.    ,0.    ,0.    ,0.    ,0.    ,0.    ,0.    ,0.    ,0.    ,
 0.    ,0.    ,0.    ,0.    ,0.    ,0.    ,0.    ,0.    ,0.    ,0.    ,
 0.    ,0.    ,0.    ,0.    ]
      medium_incorrect_hist: [0.    ,0.    ,0.    ,0.0073,0.0236,0.0282,0.0278,0.024 ,0.0191,0.0138,
 0.0116,0.0067,0.0062,0.0064,0.0047,0.0047,0.0036,0.0029,0.0029,0.0024,
 0.0027,0.0033,0.0016,0.0016,0.0022,0.0016,0.0018,0.0009,0.0009,0.0016,
 0.002 ,0.0004,0.0009,0.0007,0.0009,0.0004,0.0002,0.0002,0.0004,0.    ,
 0.0002,0.0004,0.0007,0.0007,0.0002,0.0002,0.0004,0.0004,0.    ,0.0002,
 0.    ,0.0002,0.    ,0.    ,0.    ,0.    ,0.0004,0.    ,0.0002,0.    ,
 0.    ,0.    ,0.    ,0.0002]
      hard_correct_hist: [0.4987,0.1307,0.098 ,0.042 ,0.0173,0.004 ,0.    ,0.    ,0.    ,0.    ,
 0.    ,0.    ,0.    ,0.    ,0.    ,0.    ,0.    ,0.    ,0.    ,0.    ,
 0.    ,0.    ,0.    ,0.    ,0.    ,0.    ,0.    ,0.    ,0.    ,0.    ,
 0.    ,0.    ,0.    ,0.    ,0.    ,0.    ,0.    ,0.    ,0.    ,0.    ,
 0.    ,0.    ,0.    ,0.    ,0.    ,0.    ,0.    ,0.    ,0.    ,0.    ,
 0.    ,0.    ,0.    ,0.    ,0.    ,0.    ,0.    ,0.    ,0.    ,0.    ,
 0.    ,0.    ,0.    ,0.    ]
      hard_incorrect_hist: [0.    ,0.    ,0.    ,0.024 ,0.03  ,0.0227,0.024 ,0.0173,0.0127,0.0167,
 0.0107,0.006 ,0.006 ,0.0027,0.0053,0.0047,0.0027,0.0027,0.002 ,0.0027,
 0.    ,0.0027,0.    ,0.    ,0.002 ,0.0007,0.0007,0.0013,0.    ,0.0013,
 0.002 ,0.0013,0.0007,0.0007,0.    ,0.    ,0.    ,0.    ,0.    ,0.    ,
 0.0007,0.    ,0.    ,0.    ,0.    ,0.    ,0.    ,0.0007,0.0007,0.    ,
 0.    ,0.    ,0.    ,0.    ,0.    ,0.    ,0.0007,0.    ,0.    ,0.    ,
 0.    ,0.    ,0.    ,0.0007]
      relative_sizes: [0.9  ,0.075,0.025]
      extra: [0.6667,0.7996]
    Action breakdown:
      Learning Rate: 0.1000
      Mixing Ratios: [0.195 ,0.4884,0.3167]
      Sample Usage Fraction: 0.2505

